v 0.508611 0.233333 0.450741
v 0.513618 0.233298 0.446988
v 0.518553 0.233192 0.443116
v 0.523417 0.233018 0.439126
v 0.528209 0.232777 0.43502
v 0.53293 0.23247 0.430801
v 0.53758 0.232098 0.42647
v 0.542159 0.231663 0.422028
v 0.546666 0.231167 0.417479
v 0.551101 0.23061 0.412823
v 0.555465 0.229994 0.408063
v 0.559758 0.229321 0.4032
v 0.563979 0.228592 0.398236
v 0.568129 0.227808 0.393174
v 0.572207 0.22697 0.388014
v 0.576213 0.226081 0.382759
v 0.580148 0.225141 0.377412
v 0.584011 0.224152 0.371972
v 0.587803 0.223115 0.366444
v 0.591522 0.222032 0.360827
v 0.595171 0.220904 0.355125
v 0.598747 0.219732 0.349339
v 0.602252 0.218518 0.343472
v 0.605684 0.217264 0.337523
v 0.609045 0.21597 0.331497
v 0.612335 0.214637 0.325394
v 0.615552 0.213269 0.319217
v 0.618698 0.211864 0.312967
v 0.621771 0.210427 0.306646
v 0.624773 0.208956 0.300257
v 0.627702 0.207455 0.2938
v 0.63056 0.205924 0.287278
v 0.633346 0.204364 0.280693
v 0.63606 0.202778 0.274047
v 0.638701 0.201166 0.267341
v 0.641271 0.19953 0.260577
v 0.643768 0.197871 0.253757
v 0.646194 0.196191 0.246884
v 0.648547 0.194491 0.239958
v 0.650828 0.192773 0.232982
v 0.653037 0.191037 0.225958
v 0.655174 0.189286 0.218887
v 0.657238 0.18752 0.211772
v 0.65923 0.185741 0.204614
v 0.66115 0.183951 0.197416
v 0.662998 0.18215 0.190178
v 0.664773 0.180341 0.182903
v 0.666476 0.178524 0.175593
v 0.668107 0.176701 0.168249
v 0.669665 0.174873 0.160875
v 0.67115 0.173043 0.15347
v 0.672564 0.17121 0.146038
v 0.673904 0.169377 0.13858
v 0.675173 0.167545 0.131097
v 0.676368 0.165715 0.123593
v 0.677492 0.163889 0.116069
v 0.678542 0.162068 0.108526
v 0.67952 0.160253 0.100966
v 0.680426 0.158447 0.0933922
v 0.681258 0.156649 0.0858053
v 0.682018 0.154863 0.0782075
v 0.682706 0.153088 0.0706007
v 0.68332 0.151327 0.0629867
v 0.683862 0.14958 0.0553674
v 0.684332 0.14785 0.0477447
v 0.684728 0.146138 0.0401205
v 0.685051 0.144444 0.0324966
v 0.685302 0.142771 0.0248748
v 0.68548 0.14112 0.0172572
v 0.685585 0.139492 0.00964542
v 0.685617 0.137889 0.00204149
v 0.685576 0.136311 -0.0055528
v 0.685462 0.134761 -0.0131355
v 0.685275 0.133239 -0.0207048
v 0.685016 0.131748 -0.0282588
v 0.684683 0.130288 -0.0357956
v 0.684277 0.128862 -0.0433134
v 0.683798 0.127469 -0.0508104
v 0.683246 0.126112 -0.0582845
v 0.68262 0.124793 -0.0657339
v 0.681922 0.123512 -0.073157
v 0.681151 0.12227 -0.0805515
v 0.680306 0.12107 -0.0879159
v 0.679388 0.119913 -0.0952481
v 0.678397 0.1188 -0.102546
v 0.677332 0.117732 -0.109809
v 0.676194 0.116711 -0.117033
v 0.674983 0.115738 -0.124218
v 0.673699 0.114815 -0.131362
v 0.672341 0.113943 -0.138462
v 0.67091 0.113123 -0.145517
v 0.669405 0.112357 -0.152524
v 0.667827 0.111646 -0.159483
v 0.666175 0.110992 -0.166391
v 0.66445 0.110396 -0.173247
v 0.662652 0.109859 -0.180047
v 0.66078 0.109383 -0.186791
v 0.658834 0.108969 -0.193477
v 0.656815 0.108619 -0.200103
v 0.654722 0.108333 -0.206667
v 0.654722 0.108333 -0.206667
v 0.652556 0.108114 -0.213167
v 0.650316 0.107959 -0.219603
v 0.648005 0.107868 -0.225974
v 0.645621 0.10784 -0.232282
v 0.643166 0.107873 -0.238524
v 0.64064 0.107966 -0.244703
v 0.638045 0.108117 -0.250816
v 0.635379 0.108325 -0.256864
v 0.632645 0.10859 -0.262847
v 0.629843 0.108909 -0.268766
v 0.626973 0.109282 -0.274618
v 0.624035 0.109707 -0.280405
v 0.621031 0.110183 -0.286127
v 0.617962 0.110708 -0.291782
v 0.614827 0.111282 -0.297372
v 0.611627 0.111902 -0.302896
v 0.608362 0.112569 -0.308353
v 0.605035 0.113279 -0.313744
v 0.601644 0.114033 -0.319068
v 0.598191 0.114829 -0.324326
v 0.594676 0.115665 -0.329517
v 0.5911 0.116541 -0.334641
v 0.587463 0.117454 -0.339698
v 0.583766 0.118405 -0.344687
v 0.58001 0.11939 -0.34961
v 0.576195 0.12041 -0.354464
v 0.572322 0.121463 -0.359251
v 0.568391 0.122547 -0.36397
v 0.564403 0.123661 -0.368621
v 0.560358 0.124804 -0.373204
v 0.556257 0.125975 -0.377719
v 0.552101 0.127173 -0.382165
v 0.547891 0.128395 -0.386543
v 0.543626 0.129641 -0.390852
v 0.539308 0.13091 -0.395092
v 0.534937 0.1322 -0.399264
v 0.530513 0.13351 -0.403366
v 0.526038 0.134839 -0.407399
v 0.521511 0.136185 -0.411362
v 0.516934 0.137547 -0.415256
v 0.512307 0.138923 -0.41908
v 0.507631 0.140314 -0.422834
v 0.502905 0.141716 -0.426518
v 0.498132 0.14313 -0.430133
v 0.493311 0.144553 -0.433676
v 0.488442 0.145984 -0.43715
v 0.483528 0.147423 -0.440553
v 0.478567 0.148867 -0.443885
v 0.473561 0.150316 -0.447146
v 0.468511 0.151768 -0.450336
v 0.463416 0.153222 -0.453455
v 0.458278 0.154676 -0.456503
v 0.453097 0.15613 -0.459479
v 0.447874 0.157582 -0.462384
v 0.442609 0.159031 -0.465217
v 0.437303 0.160475 -0.467978
v 0.431956 0.161913 -0.470667
v 0.426569 0.163344 -0.473284
v 0.421144 0.164767 -0.475829
v 0.415679 0.16618 -0.478301
v 0.410176 0.167582 -0.480701
v 0.404635 0.168972 -0.483028
v 0.399058 0.170348 -0.485282
v 0.393444 0.17171 -0.487463
v 0.387794 0.173055 -0.48957
v 0.382109 0.174383 -0.491605
v 0.376389 0.175692 -0.493566
v 0.370636 0.176981 -0.495453
v 0.364849 0.178249 -0.497267
v 0.359029 0.179494 -0.499007
v 0.353176 0.180716 -0.500672
v 0.347293 0.181912 -0.502264
v 0.341378 0.183082 -0.503781
v 0.335432 0.184224 -0.505224
v 0.329457 0.185337 -0.506592
v 0.323452 0.18642 -0.507885
v 0.317418 0.187471 -0.509104
v 0.311357 0.18849 -0.510247
v 0.305268 0.189474 -0.511315
v 0.299152 0.190423 -0.512308
v 0.293009 0.191335 -0.513226
v 0.286841 0.192209 -0.514067
v 0.280648 0.193044 -0.514833
v 0.27443 0.193838 -0.515523
v 0.268188 0.19459 -0.516137
v 0.261922 0.195299 -0.516675
v 0.255634 0.195963 -0.517137
v 0.249324 0.196582 -0.517522
v 0.242992 0.197154 -0.51783
v 0.236638 0.197677 -0.518062
v 0.230265 0.198151 -0.518216
v 0.223872 0.198574 -0.518294
v 0.217459 0.198944 -0.518294
v 0.211027 0.199262 -0.518217
v 0.204578 0.199524 -0.518063
v 0.198111 0.19973 -0.51783
v 0.191627 0.199879 -0.517521
v 0.185127 0.19997 -0.517133
v 0.178611 0.2 -0.516667
v 0.178611 0.2 -0.516667
v 0.17208 0.19997 -0.516123
v 0.165535 0.199879 -0.515501
v 0.158976 0.19973 -0.514803
v 0.152405 0.199524 -0.51403
v 0.145822 0.199261 -0.513181
v 0.139229 0.198943 -0.512258
v 0.132625 0.198571 -0.511262
v 0.126012 0.198147 -0.510194
v 0.119392 0.197672 -0.509054
v 0.112764 0.197147 -0.507843
v 0.106129 0.196573 -0.506562
v 0.0994889 0.195951 -0.505212
v 0.0928441 0.195284 -0.503794
v 0.0861955 0.194571 -0.502308
v 0.0795438 0.193814 -0.500756
v 0.0728901 0.193015 -0.499138
v 0.0662352 0.192175 -0.497455
v 0.0595799 0.191295 -0.495707
v 0.0529251 0.190376 -0.493897
v 0.0462717 0.189419 -0.492023
v 0.0396205 0.188426 -0.490089
v 0.0329725 0.187398 -0.488093
v 0.0263284 0.186337 -0.486037
v 0.0196892 0.185242 -0.483922
v 0.0130558 0.184117 -0.481749
v 0.00642889 0.182961 -0.479518
v -0.00019055 0.181777 -0.47723
v -0.00680162 0.180565 -0.474887
v -0.0134035 0.179327 -0.472488
v -0.0199953 0.178063 -0.470035
v -0.0265762 0.176776 -0.467529
v -0.0331453 0.175467 -0.46497
v -0.0397016 0.174136 -0.462359
v -0.0462445 0.172785 -0.459698
v -0.0527729 0.171415 -0.456986
v -0.059286 0.170028 -0.454225
v -0.065783 0.168624 -0.451416
v -0.072263 0.167205 -0.448559
v -0.0787251 0.165772 -0.445655
v -0.0851683 0.164327 -0.442705
v -0.091592 0.162871 -0.43971
v -0.0979952 0.161404 -0.436671
v -0.104377 0.159928 -0.433588
v -0.110737 0.158445 -0.430462
v -0.117073 0.156956 -0.427295
v -0.123385 0.155461 -0.424087
v -0.129673 0.153963 -0.420838
v -0.135935 0.152462 -0.41755
v -0.14217 0.15096 -0.414224
v -0.148378 0.149457 -0.41086
v -0.154558 0.147956 -0.407459
v -0.160708 0.146457 -0.404021
v -0.166828 0.144962 -0.400549
v -0.172918 0.143471 -0.397042
v -0.178975 0.141987 -0.393502
v -0.185 0.14051 -0.389929
v -0.190992 0.139041 -0.386324
v -0.196949 0.137583 -0.382688
v -0.20287 0.136136 -0.379021
v -0.208756 0.134701 -0.375326
v -0.214604 0.133279 -0.371601
v -0.220415 0.131873 -0.367849
v -0.226187 0.130482 -0.36407
v -0.231919 0.129109 -0.360265
v -0.237611 0.127754 -0.356434
v -0.243261 0.12642 -0.352579
v -0.248869 0.125106 -0.3487
v -0.254435 0.123815 -0.344799
v -0.259956 0.122547 -0.340875
v -0.265432 0.121304 -0.33693
v -0.270863 0.120088 -0.332965
v -0.276247 0.118898 -0.32898
v -0.281583 0.117737 -0.324977
v -0.286871 0.116606 -0.320956
v -0.29211 0.115506 -0.316918
v -0.297299 0.114438 -0.312863
v -0.302438 0.113404 -0.308793
v -0.307524 0.112405 -0.304709
v -0.312557 0.111442 -0.300611
v -0.317538 0.110516 -0.2965
v -0.322463 0.109628 -0.292377
v -0.327334 0.10878 -0.288242
v -0.332148 0.107974 -0.284097
v -0.336905 0.107209 -0.279943
v -0.341605 0.106489 -0.27578
v -0.346245 0.105813 -0.271609
v -0.350827 0.105183 -0.267431
v -0.355347 0.1046 -0.263246
v -0.359806 0.104066 -0.259056
v -0.364203 0.103581 -0.254861
v -0.368537 0.103148 -0.250663
v -0.372807 0.102767 -0.246461
v -0.377012 0.102439 -0.242258
v -0.381152 0.102166 -0.238053
v -0.385225 0.101949 -0.233847
v -0.38923 0.10179 -0.229642
v -0.393167 0.101688 -0.225438
v -0.397035 0.101647 -0.221236
v -0.400833 0.101667 -0.217037
v -0.400833 0.101667 -0.217037
v -0.404561 0.101748 -0.212841
v -0.408217 0.10189 -0.208649
v -0.411804 0.102093 -0.204461
v -0.41532 0.102353 -0.200277
v -0.418768 0.102671 -0.196098
v -0.422146 0.103044 -0.191922
v -0.425455 0.103473 -0.187751
v -0.428696 0.103954 -0.183584
v -0.431869 0.104488 -0.179422
v -0.434974 0.105072 -0.175265
v -0.438012 0.105706 -0.171113
v -0.440984 0.106389 -0.166966
v -0.443888 0.107118 -0.162824
v -0.446727 0.107893 -0.158688
v -0.449499 0.108713 -0.154557
v -0.452206 0.109576 -0.150432
v -0.454848 0.110481 -0.146312
v -0.457425 0.111426 -0.142198
v -0.459938 0.112411 -0.138091
v -0.462387 0.113434 -0.133989
v -0.464772 0.114494 -0.129894
v -0.467094 0.11559 -0.125805
v -0.469353 0.11672 -0.121723
v -0.471549 0.117883 -0.117647
v -0.473683 0.119078 -0.113578
v -0.475755 0.120303 -0.109517
v -0.477766 0.121558 -0.105462
v -0.479716 0.12284 -0.101414
v -0.481605 0.12415 -0.0973741
v -0.483433 0.125485 -0.0933414
v -0.485201 0.126844 -0.0893163
v -0.48691 0.128226 -0.0852989
v -0.48856 0.12963 -0.0812894
v -0.49015 0.131054 -0.077288
v -0.491682 0.132497 -0.0732947
v -0.493156 0.133958 -0.0693096
v -0.494572 0.135436 -0.065333
v -0.49593 0.136929 -0.0613649
v -0.497231 0.138436 -0.0574055
v -0.498475 0.139956 -0.0534549
v -0.499663 0.141488 -0.0495132
v -0.500795 0.143029 -0.0455807
v -0.501872 0.14458 -0.0416573
v -0.502892 0.146139 -0.0377432
v -0.503858 0.147703 -0.0338387
v -0.50477 0.149274 -0.0299437
v -0.505627 0.150848 -0.0260585
v -0.50643 0.152424 -0.0221831
v -0.50718 0.154002 -0.0183178
v -0.507876 0.155581 -0.0144626
v -0.50852 0.157158 -0.0106176
v -0.509112 0.158732 -0.00678308
v -0.509651 0.160303 -0.00295906
v -0.510138 0.16187 0.000854286
v -0.510575 0.163429 0.00465682
v -0.51096 0.164982 0.0084484
v -0.511295 0.166525 0.012229
v -0.511579 0.168059 0.0159983
v -0.511813 0.169581 0.0197563
v -0.511998 0.171091 0.0235028
v -0.512134 0.172587 0.0272378
v -0.512221 0.174068 0.030961
v -0.51226 0.175532 0.0346723
v -0.51225 0.176979 0.0383717
v -0.512193 0.178407 0.0420589
v -0.512088 0.179815 0.0457339
v -0.511937 0.181201 0.0493964
v -0.511739 0.182565 0.0530465
v -0.511494 0.183905 0.0566839
v -0.511204 0.185219 0.0603084
v -0.510868 0.186507 0.0639201
v -0.510487 0.187767 0.0675187
v -0.510061 0.188999 0.0711041
v -0.509591 0.190199 0.0746762
v -0.509076 0.191369 0.0782348
v -0.508518 0.192505 0.0817799
v -0.507917 0.193608 0.0853112
v -0.507272 0.194675 0.0888287
v -0.506585 0.195705 0.0923321
v -0.505855 0.196698 0.0958215
v -0.505084 0.197651 0.0992966
v -0.504271 0.198564 0.102757
v -0.503417 0.199435 0.106203
v -0.502522 0.200263 0.109635
v -0.501586 0.201047 0.113052
v -0.500611 0.201785 0.116454
v -0.499596 0.202477 0.11984
v -0.498541 0.203121 0.123212
v -0.497447 0.203715 0.126568
v -0.496315 0.204259 0.129909
v -0.495144 0.204751 0.133234
v -0.493936 0.205189 0.136544
v -0.49269 0.205574 0.139837
v -0.491406 0.205902 0.143115
v -0.490086 0.206174 0.146377
v -0.48873 0.206388 0.149622
v -0.487337 0.206542 0.152851
v -0.485908 0.206635 0.156063
v -0.484444 0.206667 0.159259
v -0.484444 0.206667 0.159259
v -0.482945 0.206635 0.162438
v -0.481411 0.206542 0.165601
v -0.479842 0.206388 0.168747
v -0.478236 0.206175 0.171877
v -0.476595 0.205903 0.17499
v -0.474918 0.205575 0.178088
v -0.473205 0.205192 0.18117
v -0.471455 0.204755 0.184236
v -0.469669 0.204265 0.187287
v -0.467846 0.203724 0.190322
v -0.465986 0.203132 0.193342
v -0.464089 0.202492 0.196348
v -0.462155 0.201804 0.199338
v -0.460183 0.201071 0.202314
v -0.458173 0.200292 0.205276
v -0.456126 0.19947 0.208223
v -0.45404 0.198606 0.211156
v -0.451916 0.197701 0.214075
v -0.449753 0.196756 0.21698
v -0.447552 0.195774 0.219872
v -0.445312 0.194754 0.22275
v -0.443033 0.193699 0.225615
v -0.440715 0.19261 0.228467
v -0.438357 0.191487 0.231305
v -0.435959 0.190334 0.234131
v -0.433522 0.189149 0.236944
v -0.431045 0.187936 0.239745
v -0.428527 0.186696 0.242533
v -0.425969 0.185429 0.24531
v -0.423371 0.184136 0.248074
v -0.420731 0.182821 0.250826
v -0.418051 0.181483 0.253567
v -0.415329 0.180123 0.256296
v -0.412566 0.178745 0.259014
v -0.409762 0.177347 0.261721
v -0.406915 0.175933 0.264417
v -0.404027 0.174503 0.267101
v -0.401097 0.173058 0.269776
v -0.398124 0.1716 0.272439
v -0.395109 0.170131 0.275093
v -0.392051 0.168651 0.277736
v -0.38895 0.167162 0.280369
v -0.385806 0.165665 0.282992
v -0.382619 0.164161 0.285606
v -0.379388 0.162652 0.28821
v -0.376113 0.161139 0.290805
v -0.372795 0.159624 0.29339
v -0.369432 0.158108 0.295967
v -0.366026 0.156591 0.298534
v -0.362574 0.155076 0.301093
v -0.359079 0.153564 0.303644
v -0.355538 0.152055 0.306186
v -0.351952 0.150552 0.308719
v -0.348321 0.149056 0.311245
v -0.344645 0.147567 0.313763
v -0.340923 0.146088 0.316273
v -0.337155 0.14462 0.318776
v -0.333341 0.143163 0.321271
v -0.329481 0.14172 0.323759
v -0.325575 0.140291 0.32624
v -0.321622 0.138878 0.328714
v -0.317622 0.137483 0.331182
v -0.313576 0.136106 0.333643
v -0.309482 0.134748 0.336097
v -0.305341 0.133412 0.338545
v -0.301152 0.132099 0.340988
v -0.296916 0.130809 0.343424
v -0.292632 0.129544 0.345854
v -0.288299 0.128306 0.348279
v -0.283918 0.127096 0.350699
v -0.279489 0.125914 0.353113
v -0.275011 0.124763 0.355523
v -0.270485 0.123644 0.357927
v -0.265909 0.122558 0.360327
v -0.261283 0.121506 0.362722
v -0.256609 0.12049 0.365112
v -0.251885 0.119511 0.367499
v -0.247111 0.11857 0.369881
v -0.242286 0.117669 0.37226
v -0.237412 0.116808 0.374634
v -0.232487 0.11599 0.377005
v -0.227512 0.115216 0.379373
v -0.222486 0.114487 0.381737
v -0.217408 0.113803 0.384099
v -0.21228 0.113168 0.386457
v -0.2071 0.112581 0.388813
v -0.201869 0.112044 0.391166
v -0.196586 0.111559 0.393516
v -0.191251 0.111127 0.395865
v -0.185864 0.110749 0.398211
v -0.180424 0.110426 0.400555
v -0.174932 0.11016 0.402898
v -0.169387 0.109952 0.405238
v -0.163789 0.109804 0.407578
v -0.158138 0.109717 0.409916
v -0.152434 0.109691 0.412253
v -0.146677 0.109729 0.414589
v -0.140865 0.109831 0.416925
v -0.135 0.11 0.419259
v -0.135 0.11 0.419259
v -0.129081 0.110235 0.421593
v -0.123109 0.110537 0.423926
v -0.117086 0.110903 0.426255
v -0.111012 0.111332 0.42858
v -0.104889 0.111823 0.4309
v -0.0987187 0.112374 0.433214
v -0.0925017 0.112984 0.43552
v -0.0862395 0.113651 0.437816
v -0.0799334 0.114375 0.440103
v -0.0735846 0.115154 0.442378
v -0.0671944 0.115985 0.44464
v -0.060764 0.116869 0.446889
v -0.0542948 0.117803 0.449122
v -0.0477879 0.118787 0.451339
v -0.0412447 0.119818 0.453538
v -0.0346664 0.120895 0.455719
v -0.0280542 0.122017 0.45788
v -0.0214095 0.123183 0.460019
v -0.0147336 0.124391 0.462137
v -0.00802757 0.12564 0.46423
v -0.00129281 0.126927 0.466299
v 0.00546945 0.128253 0.468341
v 0.0122579 0.129616 0.470356
v 0.0190714 0.131013 0.472343
v 0.0259085 0.132444 0.4743
v 0.032768 0.133908 0.476226
v 0.0396488 0.135402 0.47812
v 0.0465494 0.136926 0.47998
v 0.0534686 0.138478 0.481806
v 0.0604052 0.140056 0.483596
v 0.0673579 0.14166 0.485348
v 0.0743255 0.143288 0.487063
v 0.0813066 0.144938 0.488738
v 0.0883 0.14661 0.490372
v 0.0953044 0.148301 0.491965
v 0.102319 0.15001 0.493514
v 0.109341 0.151736 0.495018
v 0.116371 0.153478 0.496477
v 0.123407 0.155234 0.49789
v 0.130448 0.157002 0.499254
v 0.137492 0.158782 0.500569
v 0.144538 0.160571 0.501833
v 0.151585 0.16237 0.503046
v 0.158632 0.164175 0.504206
v 0.165677 0.165985 0.505311
v 0.172719 0.167801 0.506361
v 0.179758 0.169618 0.507355
v 0.18679 0.171438 0.508291
v 0.193816 0.173257 0.509167
v 0.200834 0.175075 0.509984
v 0.207843 0.176891 0.510739
v 0.214841 0.178702 0.511431
v 0.221828 0.180508 0.512059
v 0.228802 0.182307 0.512623
v 0.235761 0.184097 0.513119
v 0.242705 0.185878 0.513549
v 0.249632 0.187647 0.513909
v 0.25654 0.189404 0.514199
v 0.26343 0.191147 0.514418
v 0.270299 0.192875 0.514565
v 0.277146 0.194586 0.514638
v 0.28397 0.196278 0.514636
v 0.290769 0.197951 0.514558
v 0.297543 0.199604 0.514403
v 0.30429 0.201233 0.514168
v 0.311008 0.202839 0.513855
v 0.317697 0.20442 0.51346
v 0.324356 0.205975 0.512983
v 0.330982 0.207501 0.512422
v 0.337575 0.208998 0.511777
v 0.344134 0.210464 0.511046
v 0.350657 0.211898 0.510227
v 0.357142 0.213299 0.509321
v 0.36359 0.214664 0.508325
v 0.369997 0.215993 0.507238
v 0.376364 0.217285 0.506059
v 0.382689 0.218537 0.504786
v 0.38897 0.219748 0.50342
v 0.395207 0.220918 0.501957
v 0.401398 0.222044 0.500398
v 0.407541 0.223125 0.498741
v 0.413636 0.224161 0.496984
v 0.419682 0.225148 0.495127
v 0.425676 0.226087 0.493168
v 0.431618 0.226975 0.491106
v 0.437507 0.227811 0.48894
v 0.443341 0.228595 0.486668
v 0.449118 0.229323 0.48429
v 0.454839 0.229996 0.481804
v 0.4605 0.230611 0.479209
v 0.466102 0.231167 0.476503
v 0.471643 0.231664 0.473686
v 0.477122 0.232098 0.470756
v 0.482536 0.23247 0.467712
v 0.487886 0.232777 0.464553
v 0.49317 0.233018 0.461278
v 0.498386 0.233192 0.457885
v 0.503534 0.233298 0.454373
v 0.508611 0.233333 0.450741
