v 0.365 0.416667 0.136296
v 0.368058 0.417177 0.130444
v 0.371036 0.417697 0.124559
v 0.373936 0.418226 0.118644
v 0.376756 0.418764 0.1127
v 0.379497 0.419311 0.106729
v 0.38216 0.419866 0.100731
v 0.384744 0.420428 0.0947101
v 0.387249 0.420998 0.0886661
v 0.389677 0.421575 0.0826009
v 0.392026 0.422159 0.0765163
v 0.394298 0.422748 0.0704136
v 0.396492 0.423343 0.0642944
v 0.398609 0.423944 0.0581604
v 0.400648 0.424549 0.052013
v 0.40261 0.425158 0.0458538
v 0.404495 0.425772 0.0396844
v 0.406304 0.426389 0.0335063
v 0.408035 0.42701 0.0273211
v 0.409691 0.427633 0.0211304
v 0.41127 0.428259 0.0149356
v 0.412773 0.428886 0.0087384
v 0.4142 0.429515 0.00254027
v 0.415551 0.430146 -0.0036572
v 0.416827 0.430777 -0.00985247
v 0.418027 0.431408 -0.016044
v 0.419153 0.432039 -0.0222301
v 0.420203 0.43267 -0.0284094
v 0.421178 0.433299 -0.0345803
v 0.422079 0.433928 -0.0407412
v 0.422905 0.434554 -0.0468905
v 0.423657 0.435179 -0.0530268
v 0.424335 0.435801 -0.0591484
v 0.424938 0.43642 -0.0652538
v 0.425468 0.437035 -0.0713414
v 0.425924 0.437647 -0.0774097
v 0.426307 0.438254 -0.0834572
v 0.426617 0.438857 -0.0894822
v 0.426853 0.439455 -0.0954832
v 0.427017 0.440047 -0.101459
v 0.427108 0.440634 -0.107407
v 0.427126 0.441214 -0.113327
v 0.427072 0.441787 -0.119216
v 0.426945 0.442354 -0.125074
v 0.426747 0.442913 -0.130899
v 0.426476 0.443464 -0.136688
v 0.426134 0.444006 -0.142442
v 0.425721 0.44454 -0.148157
v 0.425236 0.445065 -0.153832
v 0.42468 0.44558 -0.159467
v 0.424053 0.446085 -0.165059
v 0.423355 0.446579 -0.170607
v 0.422586 0.447063 -0.176109
v 0.421747 0.447536 -0.181564
v 0.420838 0.447996 -0.186969
v 0.419858 0.448445 -0.192325
v 0.418809 0.448882 -0.197628
v 0.41769 0.449305 -0.202878
v 0.416501 0.449715 -0.208073
v 0.415243 0.450112 -0.213211
v 0.413915 0.450494 -0.218291
v 0.412519 0.450862 -0.223312
v 0.411053 0.451215 -0.228271
v 0.409519 0.451553 -0.233167
v 0.407916 0.451875 -0.237998
v 0.406245 0.45218 -0.242764
v 0.404506 0.452469 -0.247462
v 0.402699 0.452741 -0.252091
v 0.400824 0.452996 -0.25665
v 0.398881 0.453232 -0.261136
v 0.396871 0.453451 -0.265549
v 0.394793 0.453651 -0.269886
v 0.392648 0.453832 -0.274146
v 0.390437 0.453993 -0.278328
v 0.388158 0.454134 -0.28243
v 0.385813 0.454256 -0.286451
v 0.383401 0.454356 -0.290388
v 0.380924 0.454435 -0.294241
v 0.37838 0.454493 -0.298008
v 0.37577 0.454529 -0.301687
v 0.373094 0.454542 -0.305276
v 0.370353 0.454533 -0.308775
v 0.367547 0.4545 -0.312181
v 0.364675 0.454444 -0.315494
v 0.361738 0.454364 -0.318711
v 0.358736 0.45426 -0.32183
v 0.35567 0.45413 -0.324852
v 0.352539 0.453975 -0.327773
v 0.349344 0.453795 -0.330592
v 0.346084 0.453589 -0.333308
v 0.342761 0.453356 -0.335919
v 0.339374 0.453096 -0.338424
v 0.335923 0.452809 -0.34082
v 0.332409 0.452494 -0.343108
v 0.328831 0.452151 -0.345284
v 0.32519 0.45178 -0.347347
v 0.321487 0.451379 -0.349297
v 0.31772 0.450949 -0.351131
v 0.313891 0.45049 -0.352847
v 0.31 0.45 -0.354444
v 0.31 0.45 -0.354444
v 0.306047 0.44948 -0.355922
v 0.302032 0.44893 -0.35728
v 0.297959 0.44835 -0.35852
v 0.293827 0.447742 -0.359642
v 0.289639 0.447105 -0.360647
v 0.285396 0.446441 -0.361536
v 0.281099 0.44575 -0.362311
v 0.27675 0.445033 -0.362972
v 0.27235 0.44429 -0.363519
v 0.2679 0.443522 -0.363955
v 0.263403 0.44273 -0.36428
v 0.258859 0.441914 -0.364494
v 0.25427 0.441074 -0.364599
v 0.249637 0.440212 -0.364596
v 0.244962 0.439329 -0.364486
v 0.240246 0.438423 -0.364269
v 0.23549 0.437497 -0.363946
v 0.230697 0.436551 -0.363519
v 0.225867 0.435586 -0.362988
v 0.221002 0.434602 -0.362354
v 0.216103 0.433599 -0.361618
v 0.211172 0.432579 -0.360782
v 0.20621 0.431542 -0.359845
v 0.201219 0.430488 -0.35881
v 0.196199 0.429419 -0.357676
v 0.191153 0.428334 -0.356445
v 0.186082 0.427235 -0.355118
v 0.180987 0.426122 -0.353696
v 0.17587 0.424996 -0.352179
v 0.170731 0.423857 -0.350568
v 0.165574 0.422706 -0.348865
v 0.160398 0.421544 -0.347071
v 0.155206 0.42037 -0.345185
v 0.149998 0.419187 -0.34321
v 0.144777 0.417994 -0.341146
v 0.139543 0.416792 -0.338994
v 0.134299 0.415582 -0.336755
v 0.129045 0.414363 -0.33443
v 0.123783 0.413138 -0.33202
v 0.118514 0.411907 -0.329526
v 0.11324 0.410669 -0.326948
v 0.107962 0.409426 -0.324288
v 0.102682 0.408179 -0.321546
v 0.0974013 0.406927 -0.318724
v 0.0921208 0.405672 -0.315823
v 0.0868422 0.404415 -0.312842
v 0.0815669 0.403155 -0.309784
v 0.0762964 0.401894 -0.30665
v 0.0710322 0.400631 -0.303439
v 0.0657755 0.399369 -0.300153
v 0.0605279 0.398106 -0.296794
v 0.0552907 0.396845 -0.293361
v 0.0500654 0.395585 -0.289856
v 0.0448535 0.394328 -0.28628
v 0.0396563 0.393073 -0.282634
v 0.0344753 0.391821 -0.278918
v 0.0293119 0.390574 -0.275134
v 0.0241675 0.389331 -0.271282
v 0.0190435 0.388093 -0.267364
v 0.0139415 0.386862 -0.26338
v 0.00886268 0.385637 -0.259331
v 0.00380868 0.384418 -0.255218
v -0.00121921 0.383208 -0.251043
v -0.00621953 0.382006 -0.246805
v -0.0111908 0.380813 -0.242507
v -0.0161317 0.37963 -0.238148
v -0.0210407 0.378456 -0.23373
v -0.0259164 0.377294 -0.229254
v -0.0307574 0.376143 -0.224721
v -0.0355623 0.375004 -0.220131
v -0.0403297 0.373878 -0.215486
v -0.045058 0.372765 -0.210786
v -0.0497459 0.371666 -0.206033
v -0.0543921 0.370581 -0.201227
v -0.0589949 0.369512 -0.196369
v -0.063553 0.368458 -0.191461
v -0.0680651 0.367421 -0.186502
v -0.0725296 0.366401 -0.181495
v -0.0769451 0.365398 -0.176439
v -0.0813103 0.364414 -0.171336
v -0.0856236 0.363449 -0.166187
v -0.0898837 0.362503 -0.160993
v -0.0940891 0.361577 -0.155755
v -0.0982384 0.360671 -0.150473
v -0.10233 0.359788 -0.145149
v -0.106363 0.358926 -0.139783
v -0.110336 0.358086 -0.134376
v -0.114246 0.35727 -0.12893
v -0.118094 0.356478 -0.123445
v -0.121877 0.35571 -0.117922
v -0.125593 0.354967 -0.112362
v -0.129243 0.35425 -0.106767
v -0.132823 0.353559 -0.101136
v -0.136333 0.352895 -0.0954709
v -0.139771 0.352258 -0.0897728
v -0.143136 0.35165 -0.0840423
v -0.146427 0.35107 -0.0782806
v -0.149641 0.35052 -0.0724884
v -0.152778 0.35 -0.0666667
v -0.152778 0.35 -0.0666667
v -0.155836 0.34951 -0.0608165
v -0.158815 0.349051 -0.0549392
v -0.161716 0.348621 -0.0490362
v -0.164539 0.34822 -0.0431091
v -0.167283 0.347849 -0.0371592
v -0.169949 0.347506 -0.031188
v -0.172537 0.347191 -0.0251969
v -0.175048 0.346904 -0.0191875
v -0.177481 0.346644 -0.0131611
v -0.179836 0.346411 -0.00711923
v -0.182114 0.346205 -0.00106335
v -0.184315 0.346025 0.0050051
v -0.186439 0.34587 0.0110847
v -0.188486 0.34574 0.0171739
v -0.190457 0.345636 0.0232713
v -0.192351 0.345556 0.0293755
v -0.194168 0.3455 0.035485
v -0.19591 0.345467 0.0415984
v -0.197575 0.345458 0.0477141
v -0.199165 0.345471 0.0538307
v -0.200679 0.345507 0.0599469
v -0.202118 0.345565 0.0660611
v -0.203481 0.345644 0.0721718
v -0.204769 0.345744 0.0782777
v -0.205982 0.345866 0.0843772
v -0.20712 0.346007 0.090469
v -0.208183 0.346168 0.0965515
v -0.209172 0.346349 0.102623
v -0.210087 0.346549 0.108683
v -0.210927 0.346768 0.114729
v -0.211693 0.347004 0.12076
v -0.212386 0.347259 0.126774
v -0.213004 0.347531 0.132771
v -0.213549 0.34782 0.138748
v -0.214021 0.348125 0.144704
v -0.214419 0.348447 0.150638
v -0.214744 0.348785 0.156548
v -0.214997 0.349138 0.162433
v -0.215176 0.349506 0.168291
v -0.215283 0.349888 0.174121
v -0.215317 0.350285 0.179922
v -0.21528 0.350695 0.185691
v -0.21517 0.351118 0.191428
v -0.214988 0.351555 0.197131
v -0.214734 0.352004 0.202798
v -0.214409 0.352464 0.208429
v -0.214012 0.352937 0.214021
v -0.213544 0.353421 0.219573
v -0.213005 0.353915 0.225084
v -0.212394 0.35442 0.230553
v -0.211713 0.354935 0.235977
v -0.210961 0.35546 0.241356
v -0.210139 0.355994 0.246688
v -0.209247 0.356536 0.251971
v -0.208284 0.357087 0.257204
v -0.207251 0.357646 0.262386
v -0.206148 0.358213 0.267515
v -0.204976 0.358786 0.27259
v -0.203734 0.359366 0.277608
v -0.202423 0.359953 0.28257
v -0.201042 0.360545 0.287473
v -0.199593 0.361143 0.292316
v -0.198074 0.361746 0.297097
v -0.196487 0.362353 0.301815
v -0.194831 0.362965 0.306469
v -0.193107 0.36358 0.311056
v -0.191315 0.364199 0.315576
v -0.189454 0.364821 0.320028
v -0.187526 0.365446 0.324409
v -0.185529 0.366072 0.328718
v -0.183466 0.366701 0.332954
v -0.181334 0.36733 0.337116
v -0.179136 0.367961 0.341201
v -0.17687 0.368592 0.345208
v -0.174538 0.369223 0.349137
v -0.172138 0.369854 0.352985
v -0.169672 0.370485 0.356751
v -0.16714 0.371114 0.360434
v -0.164541 0.371741 0.364031
v -0.161876 0.372367 0.367543
v -0.159145 0.37299 0.370967
v -0.156348 0.373611 0.374301
v -0.153486 0.374228 0.377545
v -0.150558 0.374842 0.380697
v -0.147565 0.375451 0.383755
v -0.144506 0.376056 0.386718
v -0.141383 0.376657 0.389584
v -0.138195 0.377252 0.392353
v -0.134942 0.377841 0.395022
v -0.131624 0.378425 0.39759
v -0.128242 0.379002 0.400056
v -0.124796 0.379572 0.402418
v -0.121286 0.380134 0.404675
v -0.117712 0.380689 0.406826
v -0.114074 0.381236 0.408868
v -0.110373 0.381774 0.4108
v -0.106608 0.382303 0.412622
v -0.10278 0.382823 0.414331
v -0.0988889 0.383333 0.415926
v -0.0988889 0.383333 0.415926
v -0.0949351 0.383833 0.417406
v -0.0909199 0.384323 0.418771
v -0.0868446 0.384804 0.420023
v -0.0827107 0.385274 0.421162
v -0.0785196 0.385735 0.422189
v -0.0742728 0.386187 0.423104
v -0.0699718 0.386631 0.423909
v -0.0656178 0.387065 0.424604
v -0.0612125 0.387491 0.425191
v -0.0567573 0.387908 0.425669
v -0.0522535 0.388317 0.426041
v -0.0477026 0.388719 0.426306
v -0.0431061 0.389112 0.426465
v -0.0384653 0.389498 0.42652
v -0.0337818 0.389877 0.426472
v -0.029057 0.390249 0.42632
v -0.0242923 0.390614 0.426066
v -0.0194891 0.390972 0.42571
v -0.0146489 0.391323 0.425254
v -0.00977318 0.391669 0.424699
v -0.00486331 0.392008 0.424044
v 7.92595e-05 0.392341 0.423292
v 0.00505307 0.392669 0.422442
v 0.0100567 0.392991 0.421496
v 0.0150887 0.393308 0.420454
v 0.0201476 0.39362 0.419318
v 0.0252321 0.393927 0.418087
v 0.0303406 0.394229 0.416764
v 0.0354717 0.394527 0.415348
v 0.0406239 0.394821 0.413841
v 0.0457959 0.395111 0.412243
v 0.0509863 0.395397 0.410556
v 0.0561934 0.395679 0.408779
v 0.061416 0.395958 0.406915
v 0.0666526 0.396234 0.404963
v 0.0719017 0.396506 0.402924
v 0.0771619 0.396776 0.4008
v 0.0824317 0.397044 0.398591
v 0.0877098 0.397309 0.396299
v 0.0929947 0.397572 0.393923
v 0.0982849 0.397832 0.391464
v 0.103579 0.398092 0.388924
v 0.108876 0.398349 0.386304
v 0.114173 0.398605 0.383604
v 0.11947 0.398861 0.380824
v 0.124766 0.399115 0.377967
v 0.130058 0.399368 0.375032
v 0.135345 0.399621 0.37202
v 0.140626 0.399874 0.368933
v 0.1459 0.400126 0.365771
v 0.151164 0.400379 0.362535
v 0.156418 0.400632 0.359225
v 0.16166 0.400885 0.355843
v 0.166889 0.401139 0.35239
v 0.172103 0.401395 0.348866
v 0.1773 0.401651 0.345271
v 0.18248 0.401908 0.341608
v 0.187641 0.402168 0.337877
v 0.192781 0.402428 0.334078
v 0.197899 0.402691 0.330212
v 0.202994 0.402956 0.326281
v 0.208064 0.403224 0.322284
v 0.213108 0.403494 0.318224
v 0.218123 0.403766 0.3141
v 0.22311 0.404042 0.309913
v 0.228066 0.404321 0.305665
v 0.23299 0.404603 0.301356
v 0.23788 0.404889 0.296988
v 0.242735 0.405179 0.292559
v 0.247554 0.405473 0.288073
v 0.252336 0.405771 0.283529
v 0.257077 0.406073 0.278928
v 0.261779 0.40638 0.274272
v 0.266438 0.406692 0.26956
v 0.271053 0.407009 0.264794
v 0.275623 0.407331 0.259975
v 0.280147 0.407659 0.255103
v 0.284623 0.407992 0.25018
v 0.28905 0.408331 0.245205
v 0.293425 0.408677 0.240181
v 0.297749 0.409028 0.235107
v 0.302019 0.409386 0.229985
v 0.306234 0.409751 0.224815
v 0.310392 0.410123 0.219598
v 0.314492 0.410502 0.214336
v 0.318533 0.410888 0.209028
v 0.322513 0.411281 0.203676
v 0.32643 0.411683 0.19828
v 0.330284 0.412092 0.192842
v 0.334073 0.412509 0.187362
v 0.337795 0.412935 0.181841
v 0.341449 0.41337 0.17628
v 0.345033 0.413813 0.170679
v 0.348547 0.414265 0.16504
v 0.351988 0.414726 0.159364
v 0.355355 0.415197 0.15365
v 0.358647 0.415677 0.1479
v 0.361863 0.416167 0.142116
v 0.365 0.416667 0.136296
