v 0.238333 0.333333 0.497778
v 0.244309 0.333435 0.49395
v 0.250247 0.333736 0.49001
v 0.256147 0.334233 0.485959
v 0.262008 0.334922 0.481799
v 0.267829 0.335798 0.477533
v 0.273607 0.336858 0.473162
v 0.279343 0.338097 0.468688
v 0.285035 0.339511 0.464113
v 0.290682 0.341097 0.459439
v 0.296283 0.342849 0.454667
v 0.301835 0.344765 0.4498
v 0.30734 0.346838 0.44484
v 0.312794 0.349067 0.439787
v 0.318197 0.351446 0.434645
v 0.323547 0.353971 0.429415
v 0.328844 0.356639 0.424099
v 0.334087 0.359445 0.418699
v 0.339273 0.362384 0.413216
v 0.344403 0.365454 0.407654
v 0.349474 0.368649 0.402012
v 0.354486 0.371966 0.396294
v 0.359437 0.3754 0.390501
v 0.364326 0.378948 0.384636
v 0.369152 0.382605 0.378699
v 0.373914 0.386367 0.372694
v 0.378611 0.39023 0.366621
v 0.383241 0.39419 0.360482
v 0.387804 0.398243 0.354281
v 0.392297 0.402384 0.348018
v 0.39672 0.40661 0.341695
v 0.401072 0.410916 0.335314
v 0.405352 0.415298 0.328877
v 0.409558 0.419753 0.322387
v 0.413688 0.424276 0.315844
v 0.417743 0.428862 0.309251
v 0.421721 0.433509 0.30261
v 0.42562 0.438211 0.295922
v 0.42944 0.442964 0.289189
v 0.433178 0.447765 0.282414
v 0.436835 0.452609 0.275598
v 0.440408 0.457493 0.268743
v 0.443898 0.462411 0.26185
v 0.447301 0.46736 0.254923
v 0.450618 0.472337 0.247962
v 0.453847 0.477335 0.24097
v 0.456987 0.482353 0.233948
v 0.460036 0.487384 0.226899
v 0.462994 0.492427 0.219824
v 0.465859 0.497475 0.212725
v 0.468631 0.502525 0.205603
v 0.471307 0.507573 0.198462
v 0.473887 0.512616 0.191303
v 0.47637 0.517647 0.184127
v 0.478754 0.522665 0.176936
v 0.481038 0.527663 0.169733
v 0.483222 0.53264 0.16252
v 0.485303 0.537589 0.155297
v 0.48728 0.542507 0.148067
v 0.489154 0.547391 0.140833
v 0.490921 0.552235 0.133595
v 0.492582 0.557036 0.126356
v 0.494134 0.561789 0.119117
v 0.495577 0.566491 0.111881
v 0.49691 0.571138 0.104649
v 0.498131 0.575724 0.0974233
v 0.499239 0.580247 0.0902057
v 0.500233 0.584702 0.0829982
v 0.501112 0.589084 0.0758025
v 0.501874 0.59339 0.0686205
v 0.502519 0.597616 0.0614542
v 0.503045 0.601757 0.0543053
v 0.503451 0.60581 0.0471759
v 0.503735 0.60977 0.0400677
v 0.503898 0.613633 0.0329827
v 0.503937 0.617395 0.0259227
v 0.503851 0.621052 0.0188896
v 0.503639 0.6246 0.0118853
v 0.5033 0.628034 0.00491177
v 0.502833 0.631351 -0.00202919
v 0.502237 0.634546 -0.00893578
v 0.501509 0.637616 -0.015806
v 0.50065 0.640556 -0.022638
v 0.499658 0.643361 -0.0294299
v 0.498532 0.646029 -0.0361799
v 0.49727 0.648554 -0.0428859
v 0.495872 0.650933 -0.0495462
v 0.494336 0.653162 -0.0561589
v 0.49266 0.655235 -0.0627222
v 0.490845 0.657151 -0.069234
v 0.488888 0.658903 -0.0756925
v 0.486789 0.660488 -0.0820958
v 0.484546 0.661903 -0.0884421
v 0.482159 0.663142 -0.0947295
v 0.479625 0.664202 -0.100956
v 0.476943 0.665078 -0.10712
v 0.474114 0.665767 -0.113219
v 0.471135 0.666264 -0.119252
v 0.468004 0.666565 -0.125217
v 0.464722 0.666667 -0.131111
v 0.464722 0.666667 -0.131111
v 0.461287 0.666565 -0.136934
v 0.457702 0.666263 -0.142684
v 0.453967 0.665762 -0.148362
v 0.450087 0.665067 -0.153968
v 0.446063 0.66418 -0.159501
v 0.441897 0.663105 -0.164962
v 0.437592 0.661844 -0.170351
v 0.43315 0.660401 -0.175666
v 0.428574 0.658778 -0.18091
v 0.423865 0.656979 -0.18608
v 0.419027 0.655007 -0.191178
v 0.414061 0.652865 -0.196202
v 0.40897 0.650556 -0.201154
v 0.403756 0.648083 -0.206033
v 0.398422 0.645449 -0.210839
v 0.392969 0.642658 -0.215571
v 0.387401 0.639712 -0.22023
v 0.381719 0.636614 -0.224816
v 0.375926 0.633368 -0.229329
v 0.370024 0.629977 -0.233768
v 0.364016 0.626444 -0.238133
v 0.357904 0.622771 -0.242425
v 0.35169 0.618962 -0.246644
v 0.345376 0.615021 -0.250788
v 0.338966 0.610949 -0.254859
v 0.33246 0.606751 -0.258856
v 0.325862 0.602429 -0.262779
v 0.319174 0.597987 -0.266628
v 0.312399 0.593427 -0.270403
v 0.305538 0.588753 -0.274104
v 0.298593 0.583967 -0.27773
v 0.291568 0.579073 -0.281282
v 0.284465 0.574074 -0.28476
v 0.277286 0.568973 -0.288163
v 0.270032 0.563773 -0.291492
v 0.262708 0.558477 -0.294746
v 0.255314 0.553089 -0.297926
v 0.247854 0.547611 -0.301031
v 0.240329 0.542046 -0.304061
v 0.232742 0.536398 -0.307016
v 0.225096 0.530669 -0.309896
v 0.217392 0.524863 -0.312702
v 0.209633 0.518983 -0.315432
v 0.201822 0.513032 -0.318087
v 0.19396 0.507012 -0.320666
v 0.18605 0.500928 -0.323171
v 0.178094 0.494782 -0.3256
v 0.170095 0.488577 -0.327954
v 0.162055 0.482317 -0.330232
v 0.153977 0.476004 -0.332434
v 0.145862 0.469641 -0.334561
v 0.137713 0.463232 -0.336613
v 0.129532 0.45678 -0.338588
v 0.121322 0.450288 -0.340488
v 0.113086 0.443759 -0.342311
v 0.104824 0.437195 -0.344059
v 0.0965403 0.430601 -0.34573
v 0.0882366 0.423979 -0.347326
v 0.0799152 0.417332 -0.348845
v 0.0715785 0.410663 -0.350288
v 0.0632288 0.403976 -0.351654
v 0.0548686 0.397273 -0.352944
v 0.0465001 0.390558 -0.354158
v 0.0381257 0.383834 -0.355295
v 0.0297476 0.377104 -0.356355
v 0.0213683 0.37037 -0.357339
v 0.0129901 0.363637 -0.358246
v 0.00461526 0.356907 -0.359076
v -0.00375381 0.350182 -0.359829
v -0.0121148 0.343467 -0.360505
v -0.0204654 0.336765 -0.361104
v -0.0288031 0.330078 -0.361626
v -0.0371258 0.323409 -0.36207
v -0.045431 0.316762 -0.362438
v -0.0537165 0.31014 -0.362728
v -0.0619798 0.303546 -0.36294
v -0.0702187 0.296982 -0.363075
v -0.0784308 0.290453 -0.363133
v -0.0866138 0.28396 -0.363113
v -0.0947653 0.277508 -0.363015
v -0.102883 0.271099 -0.362839
v -0.110965 0.264737 -0.362586
v -0.119008 0.258424 -0.362254
v -0.12701 0.252163 -0.361845
v -0.134969 0.245959 -0.361357
v -0.142882 0.239813 -0.360792
v -0.150748 0.233728 -0.360148
v -0.158564 0.227709 -0.359426
v -0.166327 0.221758 -0.358625
v -0.174035 0.215878 -0.357747
v -0.181686 0.210072 -0.356789
v -0.189278 0.204343 -0.355753
v -0.196807 0.198695 -0.354639
v -0.204273 0.19313 -0.353446
v -0.211672 0.187652 -0.352174
v -0.219002 0.182263 -0.350823
v -0.226261 0.176968 -0.349393
v -0.233446 0.171768 -0.347884
v -0.240556 0.166667 -0.346296
v -0.240556 0.166667 -0.346296
v -0.247587 0.161667 -0.34463
v -0.254541 0.15677 -0.342886
v -0.261418 0.151974 -0.341066
v -0.268218 0.147281 -0.339172
v -0.274941 0.142689 -0.337207
v -0.281588 0.138199 -0.335171
v -0.28816 0.133812 -0.333066
v -0.294657 0.129526 -0.330894
v -0.30108 0.125342 -0.328658
v -0.307428 0.12126 -0.326358
v -0.313703 0.117279 -0.323996
v -0.319905 0.113401 -0.321574
v -0.326033 0.109624 -0.319095
v -0.33209 0.105949 -0.316558
v -0.338075 0.102376 -0.313968
v -0.343989 0.0989044 -0.311324
v -0.349831 0.0955346 -0.308629
v -0.355604 0.0922665 -0.305885
v -0.361306 0.0891 -0.303093
v -0.366939 0.0860352 -0.300256
v -0.372503 0.083072 -0.297374
v -0.377998 0.0802103 -0.29445
v -0.383425 0.0774503 -0.291485
v -0.388785 0.0747918 -0.288481
v -0.394077 0.0722349 -0.28544
v -0.399303 0.0697794 -0.282364
v -0.404462 0.0674255 -0.279254
v -0.409556 0.065173 -0.276112
v -0.414584 0.063022 -0.27294
v -0.419548 0.0609724 -0.26974
v -0.424447 0.0590243 -0.266513
v -0.429282 0.0571775 -0.263261
v -0.434054 0.0554321 -0.259986
v -0.438762 0.053788 -0.25669
v -0.443408 0.0522453 -0.253374
v -0.447992 0.0508039 -0.25004
v -0.452514 0.0494638 -0.24669
v -0.456975 0.0482249 -0.243326
v -0.461375 0.0470873 -0.239949
v -0.465715 0.0460509 -0.236561
v -0.469996 0.0451157 -0.233164
v -0.474217 0.0442818 -0.229759
v -0.478379 0.0435489 -0.226349
v -0.482482 0.0429172 -0.222935
v -0.486528 0.0423867 -0.219519
v -0.490516 0.0419572 -0.216102
v -0.494447 0.0416288 -0.212687
v -0.498321 0.0414015 -0.209275
v -0.50214 0.0412752 -0.205868
v -0.505902 0.04125 -0.202467
v -0.50961 0.0413257 -0.199075
v -0.513262 0.0415025 -0.195693
v -0.516861 0.0417801 -0.192323
v -0.520405 0.0421588 -0.188966
v -0.523897 0.0426383 -0.185625
v -0.527335 0.0432187 -0.1823
v -0.530721 0.0439 -0.178995
v -0.534055 0.0446822 -0.17571
v -0.537337 0.0455652 -0.172448
v -0.540568 0.046549 -0.16921
v -0.543749 0.0476336 -0.165997
v -0.546879 0.048819 -0.162812
v -0.54996 0.0501052 -0.159657
v -0.552992 0.051492 -0.156533
v -0.555975 0.0529796 -0.153441
v -0.558909 0.0545679 -0.150384
v -0.561796 0.0562568 -0.147364
v -0.564636 0.0580464 -0.144381
v -0.567428 0.0599366 -0.141438
v -0.570174 0.0619275 -0.138537
v -0.572874 0.0640188 -0.13568
v -0.575528 0.0662108 -0.132867
v -0.578138 0.0685034 -0.130102
v -0.580703 0.0708964 -0.127384
v -0.583223 0.07339 -0.124718
v -0.5857 0.075984 -0.122103
v -0.588134 0.0786785 -0.119542
v -0.590525 0.0814734 -0.117037
v -0.592873 0.0843688 -0.114589
v -0.59518 0.0873646 -0.1122
v -0.597445 0.0904607 -0.109873
v -0.59967 0.0936573 -0.107607
v -0.601853 0.0969541 -0.105406
v -0.603997 0.100351 -0.103271
v -0.606102 0.103849 -0.101204
v -0.608167 0.107447 -0.0992071
v -0.610193 0.111145 -0.097281
v -0.612182 0.114943 -0.095428
v -0.614133 0.118841 -0.0936499
v -0.616046 0.12284 -0.0919484
v -0.617923 0.126939 -0.0903253
v -0.619763 0.131138 -0.0887822
v -0.621567 0.135437 -0.087321
v -0.623337 0.139836 -0.0859433
v -0.625071 0.144335 -0.084651
v -0.62677 0.148935 -0.0834459
v -0.628436 0.153634 -0.0823295
v -0.630068 0.158434 -0.0813038
v -0.631667 0.163333 -0.0803704
v -0.631667 0.163333 -0.0803704
v -0.633233 0.168332 -0.0795304
v -0.634767 0.17343 -0.0787824
v -0.636268 0.178623 -0.0781242
v -0.637737 0.18391 -0.0775535
v -0.639173 0.189289 -0.0770684
v -0.640578 0.194758 -0.0766665
v -0.641951 0.200315 -0.0763459
v -0.643292 0.205958 -0.0761042
v -0.644601 0.211685 -0.0759393
v -0.645879 0.217494 -0.0758491
v -0.647125 0.223383 -0.0758314
v -0.648339 0.229351 -0.0758841
v -0.649523 0.235394 -0.076005
v -0.650675 0.241511 -0.076192
v -0.651797 0.2477 -0.0764428
v -0.652887 0.253959 -0.0767554
v -0.653947 0.260286 -0.0771276
v -0.654976 0.266679 -0.0775571
v -0.655974 0.273136 -0.0780419
v -0.656942 0.279655 -0.0785799
v -0.65788 0.286234 -0.0791688
v -0.658788 0.292871 -0.0798064
v -0.659665 0.299564 -0.0804907
v -0.660512 0.306311 -0.0812195
v -0.66133 0.313111 -0.0819906
v -0.662118 0.31996 -0.0828019
v -0.662876 0.326857 -0.0836511
v -0.663605 0.3338 -0.0845362
v -0.664304 0.340787 -0.085455
v -0.664975 0.347816 -0.0864053
v -0.665616 0.354885 -0.087385
v -0.666228 0.361992 -0.0883919
v -0.666811 0.369136 -0.0894239
v -0.667365 0.376313 -0.0904787
v -0.667891 0.383522 -0.0915543
v -0.668388 0.390761 -0.0926485
v -0.668856 0.398028 -0.0937591
v -0.669296 0.405321 -0.094884
v -0.669708 0.412639 -0.096021
v -0.670092 0.419978 -0.097168
v -0.670448 0.427337 -0.0983227
v -0.670777 0.434714 -0.0994831
v -0.671077 0.442108 -0.100647
v -0.67135 0.449515 -0.101812
v -0.671595 0.456934 -0.102977
v -0.671813 0.464364 -0.104138
v -0.672003 0.471801 -0.105294
v -0.672167 0.479244 -0.106443
v -0.672303 0.486692 -0.107583
v -0.672412 0.494141 -0.10871
v -0.672495 0.501591 -0.109825
v -0.672551 0.509038 -0.110923
v -0.67258 0.516482 -0.112003
v -0.672583 0.523919 -0.113063
v -0.67256 0.531349 -0.1141
v -0.67251 0.538768 -0.115113
v -0.672434 0.546176 -0.116099
v -0.672333 0.553569 -0.117056
v -0.672205 0.560947 -0.117982
v -0.672052 0.568307 -0.118875
v -0.671872 0.575646 -0.119733
v -0.671668 0.582964 -0.120553
v -0.671438 0.590258 -0.121334
v -0.671183 0.597525 -0.122072
v -0.670902 0.604765 -0.122767
v -0.670597 0.611975 -0.123416
v -0.670266 0.619153 -0.124016
v -0.669911 0.626297 -0.124566
v -0.669531 0.633405 -0.125063
v -0.669126 0.640474 -0.125505
v -0.668697 0.647505 -0.125891
v -0.668244 0.654492 -0.126217
v -0.667766 0.661436 -0.126482
v -0.667265 0.668335 -0.126684
v -0.666739 0.675185 -0.12682
v -0.666189 0.681985 -0.126889
v -0.665616 0.688733 -0.126888
v -0.665019 0.695427 -0.126814
v -0.664398 0.702065 -0.126667
v -0.663754 0.708646 -0.126443
v -0.663087 0.715166 -0.12614
v -0.662396 0.721624 -0.125757
v -0.661682 0.728019 -0.125292
v -0.660946 0.734347 -0.124741
v -0.660187 0.740608 -0.124103
v -0.659404 0.746798 -0.123376
v -0.6586 0.752917 -0.122557
v -0.657772 0.758962 -0.121645
v -0.656923 0.76493 -0.120637
v -0.656051 0.770821 -0.119531
v -0.655157 0.776632 -0.118325
v -0.654241 0.782361 -0.117016
v -0.653303 0.788005 -0.115604
v -0.652343 0.793564 -0.114084
v -0.651362 0.799035 -0.112457
v -0.650359 0.804416 -0.110718
v -0.649335 0.809705 -0.108866
v -0.648289 0.8149 -0.106899
v -0.647222 0.82 -0.104815
v -0.647222 0.82 -0.104815
v -0.646134 0.825001 -0.102612
v -0.645025 0.829905 -0.100291
v -0.643893 0.83471 -0.0978544
v -0.64274 0.839417 -0.0953039
v -0.641564 0.844026 -0.0926412
v -0.640365 0.848537 -0.0898682
v -0.639143 0.85295 -0.0869867
v -0.637897 0.857264 -0.0839986
v -0.636627 0.86148 -0.0809058
v -0.635333 0.865597 -0.0777099
v -0.634014 0.869615 -0.0744129
v -0.63267 0.873536 -0.0710167
v -0.631301 0.877357 -0.067523
v -0.629906 0.881079 -0.0639337
v -0.628485 0.884703 -0.0602506
v -0.627037 0.888228 -0.0564756
v -0.625562 0.891654 -0.0526105
v -0.62406 0.894981 -0.0486571
v -0.62253 0.898209 -0.0446173
v -0.620973 0.901337 -0.0404929
v -0.619387 0.904367 -0.0362857
v -0.617772 0.907297 -0.0319977
v -0.616129 0.910128 -0.0276305
v -0.614456 0.91286 -0.0231861
v -0.612753 0.915492 -0.0186663
v -0.61102 0.918025 -0.014073
v -0.609256 0.920458 -0.00940785
v -0.607462 0.922791 -0.00467286
v -0.605636 0.925025 0.000130197
v -0.603779 0.927159 0.00499948
v -0.60189 0.929194 0.00993313
v -0.599969 0.931128 0.0149294
v -0.598014 0.932963 0.0199863
v -0.596027 0.934697 0.0251021
v -0.594007 0.936332 0.0302749
v -0.591952 0.937866 0.035503
v -0.589864 0.9393 0.0407844
v -0.587741 0.940634 0.0461173
v -0.585583 0.941868 0.0514999
v -0.58339 0.943001 0.0569304
v -0.581161 0.944034 0.0624069
v -0.578896 0.944966 0.0679276
v -0.576595 0.945798 0.0734906
v -0.574258 0.946529 0.0790941
v -0.571883 0.94716 0.0847363
v -0.569471 0.94769 0.0904154
v -0.567021 0.948119 0.0961294
v -0.564533 0.948447 0.101877
v -0.562007 0.948674 0.107655
v -0.559442 0.9488 0.113463
v -0.556837 0.948825 0.119299
v -0.554193 0.94875 0.12516
v -0.551509 0.948573 0.131046
v -0.548785 0.948294 0.136953
v -0.54602 0.947915 0.142881
v -0.543214 0.947434 0.148828
v -0.540367 0.946851 0.154791
v -0.537478 0.946168 0.160768
v -0.534547 0.945382 0.166759
v -0.531573 0.944495 0.172761
v -0.528556 0.943507 0.178772
v -0.525497 0.942416 0.184791
v -0.522394 0.941224 0.190815
v -0.519246 0.93993 0.196843
v -0.516055 0.938535 0.202873
v -0.512819 0.937037 0.208903
v -0.509538 0.935437 0.214931
v -0.506211 0.933735 0.220956
v -0.502839 0.931931 0.226975
v -0.499421 0.930025 0.232987
v -0.495956 0.928016 0.23899
v -0.492445 0.925905 0.244982
v -0.488886 0.923692 0.250961
v -0.48528 0.921376 0.256926
v -0.481626 0.918958 0.262874
v -0.477923 0.916437 0.268804
v -0.474172 0.913813 0.274714
v -0.470372 0.911087 0.280602
v -0.466523 0.908258 0.286466
v -0.462623 0.905326 0.292304
v -0.458674 0.902291 0.298115
v -0.454674 0.899154 0.303897
v -0.450624 0.895913 0.309648
v -0.446522 0.892569 0.315365
v -0.442369 0.889122 0.321048
v -0.438164 0.885572 0.326695
v -0.433907 0.881918 0.332302
v -0.429597 0.878162 0.33787
v -0.425234 0.874302 0.343395
v -0.420818 0.870338 0.348876
v -0.416348 0.866271 0.354312
v -0.411824 0.8621 0.3597
v -0.407245 0.857826 0.365038
v -0.402612 0.853448 0.370325
v -0.397924 0.848966 0.375559
v -0.39318 0.84438 0.380738
v -0.38838 0.839691 0.38586
v -0.383524 0.834897 0.390923
v -0.378611 0.83 0.395926
v -0.378611 0.83 0.395926
v -0.373642 0.824999 0.400867
v -0.368616 0.819897 0.405744
v -0.363536 0.814697 0.410559
v -0.358401 0.809403 0.415309
v -0.353213 0.804016 0.419995
v -0.347973 0.798542 0.424616
v -0.342681 0.792982 0.429172
v -0.337339 0.787339 0.433661
v -0.331948 0.781618 0.438084
v -0.326508 0.77582 0.44244
v -0.32102 0.76995 0.446729
v -0.315486 0.764009 0.450949
v -0.309906 0.758002 0.4551
v -0.304281 0.751931 0.459183
v -0.298613 0.7458 0.463195
v -0.292901 0.739612 0.467138
v -0.287148 0.733369 0.47101
v -0.281353 0.727075 0.47481
v -0.275518 0.720733 0.478539
v -0.269644 0.714346 0.482195
v -0.263732 0.707917 0.485779
v -0.257783 0.701449 0.489289
v -0.251797 0.694946 0.492725
v -0.245776 0.688411 0.496087
v -0.23972 0.681846 0.499374
v -0.233631 0.675254 0.502585
v -0.227509 0.66864 0.505721
v -0.221355 0.662006 0.508779
v -0.215171 0.655354 0.511761
v -0.208956 0.648689 0.514666
v -0.202713 0.642013 0.517492
v -0.196442 0.63533 0.52024
v -0.190144 0.628642 0.522908
v -0.18382 0.621953 0.525497
v -0.177471 0.615265 0.528006
v -0.171097 0.608582 0.530434
v -0.1647 0.601908 0.53278
v -0.158281 0.595244 0.535045
v -0.151841 0.588595 0.537228
v -0.14538 0.581963 0.539328
v -0.138899 0.575351 0.541344
v -0.1324 0.568763 0.543277
v -0.125884 0.562202 0.545125
v -0.11935 0.55567 0.546889
v -0.112801 0.549171 0.548567
v -0.106237 0.542708 0.550159
v -0.0996592 0.536284 0.551664
v -0.0930683 0.529903 0.553083
v -0.0864654 0.523567 0.554414
v -0.0798514 0.517279 0.555657
v -0.0732272 0.511043 0.556811
v -0.0665938 0.504861 0.557876
v -0.0599521 0.498738 0.558852
v -0.0533031 0.492675 0.559738
v -0.0466476 0.486676 0.560532
v -0.0399867 0.480744 0.561236
v -0.0333212 0.474883 0.561848
v -0.0266521 0.469094 0.562368
v -0.0199804 0.463383 0.562795
v -0.0133069 0.45775 0.563128
v -0.00663255 0.452201 0.563368
v 4.15548e-05 0.446737 0.563513
v 0.00671465 0.441362 0.563564
v 0.0133857 0.43608 0.563519
v 0.0200539 0.430892 0.563378
v 0.0267181 0.425802 0.563141
v 0.0333775 0.420814 0.562807
v 0.0400312 0.415931 0.562375
v 0.0466782 0.411155 0.561846
v 0.0533175 0.406489 0.561218
v 0.0599483 0.401938 0.56049
v 0.0665696 0.397503 0.559664
v 0.0731804 0.393189 0.558737
v 0.07978 0.388997 0.557709
v 0.0863671 0.384932 0.55658
v 0.0929411 0.380996 0.55535
v 0.0995009 0.377192 0.554017
v 0.106045 0.373525 0.552582
v 0.112574 0.369996 0.551043
v 0.119086 0.366608 0.549401
v 0.125579 0.363366 0.547654
v 0.132054 0.360272 0.545802
v 0.138509 0.357328 0.543845
v 0.144943 0.354539 0.541783
v 0.151356 0.351908 0.539613
v 0.157746 0.349437 0.537337
v 0.164113 0.347129 0.534954
v 0.170455 0.344989 0.532462
v 0.176771 0.343018 0.529862
v 0.183061 0.34122 0.527153
v 0.189324 0.339598 0.524334
v 0.195559 0.338155 0.521405
v 0.201765 0.336894 0.518366
v 0.20794 0.335819 0.515216
v 0.214085 0.334933 0.511953
v 0.220197 0.334238 0.508579
v 0.226277 0.333737 0.505092
v 0.232322 0.333435 0.501492
v 0.238333 0.333333 0.497778
