v 0.300162 0 0.403618
v 0 100 0.1
v 0.301523 0 0.400489
v 0 100 0.1
v 0.39206 0 0.443049
v 0 100 0.1
v 0.301523 0 0.400489
v 0 100 0.1
v 0.394409 0 0.437532
v 0 100 0.1
v 0.39206 0 0.443049
v 0 100 0.1
v 0.301523 0 0.400489
v 0 100 0.1
v 0.302835 0 0.39724
v 0 100 0.1
v 0.394409 0 0.437532
v 0 100 0.1
v 0.302835 0 0.39724
v 0 100 0.1
v 0.396618 0 0.431952
v 0 100 0.1
v 0.394409 0 0.437532
v 0 100 0.1
v 0.302835 0 0.39724
v 0 100 0.1
v 0.304098 0 0.39387
v 0 100 0.1
v 0.396618 0 0.431952
v 0 100 0.1
v 0.304098 0 0.39387
v 0 100 0.1
v 0.398689 0 0.426314
v 0 100 0.1
v 0.396618 0 0.431952
v 0 100 0.1
v 0.304098 0 0.39387
v 0 100 0.1
v 0.305308 0 0.390383
v 0 100 0.1
v 0.398689 0 0.426314
v 0 100 0.1
v 0.305308 0 0.390383
v 0 100 0.1
v 0.400627 0 0.42062
v 0 100 0.1
v 0.398689 0 0.426314
v 0 100 0.1
v 0.305308 0 0.390383
v 0 100 0.1
v 0.306464 0 0.386782
v 0 100 0.1
v 0.400627 0 0.42062
v 0 100 0.1
v 0.306464 0 0.386782
v 0 100 0.1
v 0.402437 0 0.414874
v 0 100 0.1
v 0.400627 0 0.42062
v 0 100 0.1
v 0.306464 0 0.386782
v 0 100 0.1
v 0.307563 0 0.38307
v 0 100 0.1
v 0.402437 0 0.414874
v 0 100 0.1
v 0.307563 0 0.38307
v 0 100 0.1
v 0.404122 0 0.409077
v 0 100 0.1
v 0.402437 0 0.414874
v 0 100 0.1
v 0.307563 0 0.38307
v 0 100 0.1
v 0.308603 0 0.37925
v 0 100 0.1
v 0.404122 0 0.409077
v 0 100 0.1
v 0.308603 0 0.37925
v 0 100 0.1
v 0.405685 0 0.403232
v 0 100 0.1
v 0.404122 0 0.409077
v 0 100 0.1
v 0.308603 0 0.37925
v 0 100 0.1
v 0.309583 0 0.375326
v 0 100 0.1
v 0.405685 0 0.403232
v 0 100 0.1
v 0.309583 0 0.375326
v 0 100 0.1
v 0.407129 0 0.39734
v 0 100 0.1
v 0.405685 0 0.403232
v 0 100 0.1
v 0.309583 0 0.375326
v 0 100 0.1
v 0.310501 0 0.3713
v 0 100 0.1
v 0.407129 0 0.39734
v 0 100 0.1
v 0.310501 0 0.3713
v 0 100 0.1
v 0.408459 0 0.391405
v 0 100 0.1
v 0.407129 0 0.39734
v 0 100 0.1
v 0.310501 0 0.3713
v 0 100 0.1
v 0.311356 0 0.367177
v 0 100 0.1
v 0.408459 0 0.391405
v 0 100 0.1
v 0.311356 0 0.367177
v 0 100 0.1
v 0.409677 0 0.385427
v 0 100 0.1
v 0.408459 0 0.391405
v 0 100 0.1
v 0.311356 0 0.367177
v 0 100 0.1
v 0.312148 0 0.36296
v 0 100 0.1
v 0.409677 0 0.385427
v 0 100 0.1
v 0.312148 0 0.36296
v 0 100 0.1
v 0.410786 0 0.379409
v 0 100 0.1
v 0.409677 0 0.385427
v 0 100 0.1
v 0.312148 0 0.36296
v 0 100 0.1
v 0.312874 0 0.358652
v 0 100 0.1
v 0.410786 0 0.379409
v 0 100 0.1
v 0.312874 0 0.358652
v 0 100 0.1
v 0.411788 0 0.373352
v 0 100 0.1
v 0.410786 0 0.379409
v 0 100 0.1
v 0.312874 0 0.358652
v 0 100 0.1
v 0.313534 0 0.354259
v 0 100 0.1
v 0.411788 0 0.373352
v 0 100 0.1
v 0.313534 0 0.354259
v 0 100 0.1
v 0.412686 0 0.367259
v 0 100 0.1
v 0.411788 0 0.373352
v 0 100 0.1
v 0.313534 0 0.354259
v 0 100 0.1
v 0.314128 0 0.349782
v 0 100 0.1
v 0.412686 0 0.367259
v 0 100 0.1
v 0.314128 0 0.349782
v 0 100 0.1
v 0.413482 0 0.36113
v 0 100 0.1
v 0.412686 0 0.367259
v 0 100 0.1
v 0.314128 0 0.349782
v 0 100 0.1
v 0.314655 0 0.345227
v 0 100 0.1
v 0.413482 0 0.36113
v 0 100 0.1
v 0.314655 0 0.345227
v 0 100 0.1
v 0.41418 0 0.354968
v 0 100 0.1
v 0.413482 0 0.36113
v 0 100 0.1
v 0.314655 0 0.345227
v 0 100 0.1
v 0.315115 0 0.340596
v 0 100 0.1
v 0.41418 0 0.354968
v 0 100 0.1
v 0.315115 0 0.340596
v 0 100 0.1
v 0.41478 0 0.348774
v 0 100 0.1
v 0.41418 0 0.354968
v 0 100 0.1
v 0.315115 0 0.340596
v 0 100 0.1
v 0.315506 0 0.335894
v 0 100 0.1
v 0.41478 0 0.348774
v 0 100 0.1
v 0.315506 0 0.335894
v 0 100 0.1
v 0.415284 0 0.342551
v 0 100 0.1
v 0.41478 0 0.348774
v 0 100 0.1
v 0.315506 0 0.335894
v 0 100 0.1
v 0.31583 0 0.331124
v 0 100 0.1
v 0.415284 0 0.342551
v 0 100 0.1
v 0.31583 0 0.331124
v 0 100 0.1
v 0.415696 0 0.336299
v 0 100 0.1
v 0.415284 0 0.342551
v 0 100 0.1
v 0.31583 0 0.331124
v 0 100 0.1
v 0.316086 0 0.32629
v 0 100 0.1
v 0.415696 0 0.336299
v 0 100 0.1
v 0.316086 0 0.32629
v 0 100 0.1
v 0.416016 0 0.330021
v 0 100 0.1
v 0.415696 0 0.336299
v 0 100 0.1
v 0.316086 0 0.32629
v 0 100 0.1
v 0.316273 0 0.321396
v 0 100 0.1
v 0.416016 0 0.330021
v 0 100 0.1
v 0.316273 0 0.321396
v 0 100 0.1
v 0.416247 0 0.323719
v 0 100 0.1
v 0.416016 0 0.330021
v 0 100 0.1
v 0.316273 0 0.321396
v 0 100 0.1
v 0.316393 0 0.316444
v 0 100 0.1
v 0.416247 0 0.323719
v 0 100 0.1
v 0.316393 0 0.316444
v 0 100 0.1
v 0.416389 0 0.317394
v 0 100 0.1
v 0.416247 0 0.323719
v 0 100 0.1
v 0.316393 0 0.316444
v 0 100 0.1
v 0.316445 0 0.31144
v 0 100 0.1
v 0.416389 0 0.317394
v 0 100 0.1
v 0.316445 0 0.31144
v 0 100 0.1
v 0.416445 0 0.311047
v 0 100 0.1
v 0.416389 0 0.317394
v 0 100 0.1
v 0.316445 0 0.31144
v 0 100 0.1
v 0.31643 0 0.306386
v 0 100 0.1
v 0.416445 0 0.311047
v 0 100 0.1
v 0.31643 0 0.306386
v 0 100 0.1
v 0.416415 0 0.304682
v 0 100 0.1
v 0.416445 0 0.311047
v 0 100 0.1
v 0.31643 0 0.306386
v 0 100 0.1
v 0.316347 0 0.301287
v 0 100 0.1
v 0.416415 0 0.304682
v 0 100 0.1
v 0.316347 0 0.301287
v 0 100 0.1
v 0.416302 0 0.2983
v 0 100 0.1
v 0.416415 0 0.304682
v 0 100 0.1
v 0.316347 0 0.301287
v 0 100 0.1
v 0.316197 0 0.296145
v 0 100 0.1
v 0.416302 0 0.2983
v 0 100 0.1
v 0.316197 0 0.296145
v 0 100 0.1
v 0.416107 0 0.291902
v 0 100 0.1
v 0.416302 0 0.2983
v 0 100 0.1
v 0.316197 0 0.296145
v 0 100 0.1
v 0.315981 0 0.290965
v 0 100 0.1
v 0.416107 0 0.291902
v 0 100 0.1
v 0.315981 0 0.290965
v 0 100 0.1
v 0.415831 0 0.285491
v 0 100 0.1
v 0.416107 0 0.291902
v 0 100 0.1
v 0.315981 0 0.290965
v 0 100 0.1
v 0.315699 0 0.285749
v 0 100 0.1
v 0.415831 0 0.285491
v 0 100 0.1
v 0.315699 0 0.285749
v 0 100 0.1
v 0.415475 0 0.279069
v 0 100 0.1
v 0.415831 0 0.285491
v 0 100 0.1
v 0.315699 0 0.285749
v 0 100 0.1
v 0.315351 0 0.280502
v 0 100 0.1
v 0.415475 0 0.279069
v 0 100 0.1
v 0.315351 0 0.280502
v 0 100 0.1
v 0.415041 0 0.272637
v 0 100 0.1
v 0.415475 0 0.279069
v 0 100 0.1
v 0.315351 0 0.280502
v 0 100 0.1
v 0.314938 0 0.275227
v 0 100 0.1
v 0.415041 0 0.272637
v 0 100 0.1
v 0.314938 0 0.275227
v 0 100 0.1
v 0.41453 0 0.266198
v 0 100 0.1
v 0.415041 0 0.272637
v 0 100 0.1
v 0.314938 0 0.275227
v 0 100 0.1
v 0.314461 0 0.269927
v 0 100 0.1
v 0.41453 0 0.266198
v 0 100 0.1
v 0.314461 0 0.269927
v 0 100 0.1
v 0.413942 0 0.259753
v 0 100 0.1
v 0.41453 0 0.266198
v 0 100 0.1
v 0.314461 0 0.269927
v 0 100 0.1
v 0.31392 0 0.264606
v 0 100 0.1
v 0.413942 0 0.259753
v 0 100 0.1
v 0.31392 0 0.264606
v 0 100 0.1
v 0.413279 0 0.253306
v 0 100 0.1
v 0.413942 0 0.259753
v 0 100 0.1
v 0.31392 0 0.264606
v 0 100 0.1
v 0.313316 0 0.259267
v 0 100 0.1
v 0.413279 0 0.253306
v 0 100 0.1
v 0.313316 0 0.259267
v 0 100 0.1
v 0.412543 0 0.246856
v 0 100 0.1
v 0.413279 0 0.253306
v 0 100 0.1
v 0.313316 0 0.259267
v 0 100 0.1
v 0.312649 0 0.253913
v 0 100 0.1
v 0.412543 0 0.246856
v 0 100 0.1
v 0.312649 0 0.253913
v 0 100 0.1
v 0.411733 0 0.240408
v 0 100 0.1
v 0.412543 0 0.246856
v 0 100 0.1
v 0.312649 0 0.253913
v 0 100 0.1
v 0.311921 0 0.248549
v 0 100 0.1
v 0.411733 0 0.240408
v 0 100 0.1
v 0.311921 0 0.248549
v 0 100 0.1
v 0.410852 0 0.233962
v 0 100 0.1
v 0.411733 0 0.240408
v 0 100 0.1
v 0.311921 0 0.248549
v 0 100 0.1
v 0.311132 0 0.243176
v 0 100 0.1
v 0.410852 0 0.233962
v 0 100 0.1
v 0.311132 0 0.243176
v 0 100 0.1
v 0.409899 0 0.227522
v 0 100 0.1
v 0.410852 0 0.233962
v 0 100 0.1
v 0.311132 0 0.243176
v 0 100 0.1
v 0.310283 0 0.2378
v 0 100 0.1
v 0.409899 0 0.227522
v 0 100 0.1
v 0.310283 0 0.2378
v 0 100 0.1
v 0.408877 0 0.221088
v 0 100 0.1
v 0.409899 0 0.227522
v 0 100 0.1
v 0.310283 0 0.2378
v 0 100 0.1
v 0.309374 0 0.232423
v 0 100 0.1
v 0.408877 0 0.221088
v 0 100 0.1
v 0.309374 0 0.232423
v 0 100 0.1
v 0.407785 0 0.214664
v 0 100 0.1
v 0.408877 0 0.221088
v 0 100 0.1
v 0.309374 0 0.232423
v 0 100 0.1
v 0.308407 0 0.227047
v 0 100 0.1
v 0.407785 0 0.214664
v 0 100 0.1
v 0.308407 0 0.227047
v 0 100 0.1
v 0.406625 0 0.208251
v 0 100 0.1
v 0.407785 0 0.214664
v 0 100 0.1
v 0.308407 0 0.227047
v 0 100 0.1
v 0.307382 0 0.221678
v 0 100 0.1
v 0.406625 0 0.208251
v 0 100 0.1
v 0.307382 0 0.221678
v 0 100 0.1
v 0.405397 0 0.201852
v 0 100 0.1
v 0.406625 0 0.208251
v 0 100 0.1
v 0.307382 0 0.221678
v 0 100 0.1
v 0.306301 0 0.216318
v 0 100 0.1
v 0.405397 0 0.201852
v 0 100 0.1
v 0.306301 0 0.216318
v 0 100 0.1
v 0.404103 0 0.195468
v 0 100 0.1
v 0.405397 0 0.201852
v 0 100 0.1
v 0.306301 0 0.216318
v 0 100 0.1
v 0.305164 0 0.21097
v 0 100 0.1
v 0.404103 0 0.195468
v 0 100 0.1
v 0.305164 0 0.21097
v 0 100 0.1
v 0.402743 0 0.189102
v 0 100 0.1
v 0.404103 0 0.195468
v 0 100 0.1
v 0.305164 0 0.21097
v 0 100 0.1
v 0.303971 0 0.205638
v 0 100 0.1
v 0.402743 0 0.189102
v 0 100 0.1
v 0.303971 0 0.205638
v 0 100 0.1
v 0.401318 0 0.182756
v 0 100 0.1
v 0.402743 0 0.189102
v 0 100 0.1
v 0.303971 0 0.205638
v 0 100 0.1
v 0.302725 0 0.200324
v 0 100 0.1
v 0.401318 0 0.182756
v 0 100 0.1
v 0.302725 0 0.200324
v 0 100 0.1
v 0.399829 0 0.176433
v 0 100 0.1
v 0.401318 0 0.182756
v 0 100 0.1
v 0.302725 0 0.200324
v 0 100 0.1
v 0.301426 0 0.195034
v 0 100 0.1
v 0.399829 0 0.176433
v 0 100 0.1
v 0.301426 0 0.195034
v 0 100 0.1
v 0.398277 0 0.170133
v 0 100 0.1
v 0.399829 0 0.176433
v 0 100 0.1
v 0.301426 0 0.195034
v 0 100 0.1
v 0.300075 0 0.189768
v 0 100 0.1
v 0.398277 0 0.170133
v 0 100 0.1
v 0.300075 0 0.189768
v 0 100 0.1
v 0.396661 0 0.163861
v 0 100 0.1
v 0.398277 0 0.170133
v 0 100 0.1
v 0.300075 0 0.189768
v 0 100 0.1
v 0.298674 0 0.184532
v 0 100 0.1
v 0.396661 0 0.163861
v 0 100 0.1
v 0.298674 0 0.184532
v 0 100 0.1
v 0.394983 0 0.157617
v 0 100 0.1
v 0.396661 0 0.163861
v 0 100 0.1
v 0.298674 0 0.184532
v 0 100 0.1
v 0.297222 0 0.179327
v 0 100 0.1
v 0.394983 0 0.157617
v 0 100 0.1
v 0.297222 0 0.179327
v 0 100 0.1
v 0.393244 0 0.151404
v 0 100 0.1
v 0.394983 0 0.157617
v 0 100 0.1
v 0.297222 0 0.179327
v 0 100 0.1
v 0.295722 0 0.174159
v 0 100 0.1
v 0.393244 0 0.151404
v 0 100 0.1
v 0.295722 0 0.174159
v 0 100 0.1
v 0.391444 0 0.145224
v 0 100 0.1
v 0.393244 0 0.151404
v 0 100 0.1
v 0.295722 0 0.174159
v 0 100 0.1
v 0.294174 0 0.169029
v 0 100 0.1
v 0.391444 0 0.145224
v 0 100 0.1
v 0.294174 0 0.169029
v 0 100 0.1
v 0.389584 0 0.139079
v 0 100 0.1
v 0.391444 0 0.145224
v 0 100 0.1
v 0.294174 0 0.169029
v 0 100 0.1
v 0.29258 0 0.163941
v 0 100 0.1
v 0.389584 0 0.139079
v 0 100 0.1
v 0.29258 0 0.163941
v 0 100 0.1
v 0.387664 0 0.132971
v 0 100 0.1
v 0.389584 0 0.139079
v 0 100 0.1
v 0.29258 0 0.163941
v 0 100 0.1
v 0.290941 0 0.158899
v 0 100 0.1
v 0.387664 0 0.132971
v 0 100 0.1
v 0.290941 0 0.158899
v 0 100 0.1
v 0.385684 0 0.126904
v 0 100 0.1
v 0.387664 0 0.132971
v 0 100 0.1
v 0.290941 0 0.158899
v 0 100 0.1
v 0.289258 0 0.153905
v 0 100 0.1
v 0.385684 0 0.126904
v 0 100 0.1
v 0.289258 0 0.153905
v 0 100 0.1
v 0.383646 0 0.120878
v 0 100 0.1
v 0.385684 0 0.126904
v 0 100 0.1
v 0.289258 0 0.153905
v 0 100 0.1
v 0.287532 0 0.148964
v 0 100 0.1
v 0.383646 0 0.120878
v 0 100 0.1
v 0.287532 0 0.148964
v 0 100 0.1
v 0.38155 0 0.114896
v 0 100 0.1
v 0.383646 0 0.120878
v 0 100 0.1
v 0.287532 0 0.148964
v 0 100 0.1
v 0.285765 0 0.144079
v 0 100 0.1
v 0.38155 0 0.114896
v 0 100 0.1
v 0.285765 0 0.144079
v 0 100 0.1
v 0.379395 0 0.108959
v 0 100 0.1
v 0.38155 0 0.114896
v 0 100 0.1
v 0.285765 0 0.144079
v 0 100 0.1
v 0.283958 0 0.139252
v 0 100 0.1
v 0.379395 0 0.108959
v 0 100 0.1
v 0.283958 0 0.139252
v 0 100 0.1
v 0.377183 0 0.103071
v 0 100 0.1
v 0.379395 0 0.108959
v 0 100 0.1
v 0.283958 0 0.139252
v 0 100 0.1
v 0.282112 0 0.134487
v 0 100 0.1
v 0.377183 0 0.103071
v 0 100 0.1
v 0.282112 0 0.134487
v 0 100 0.1
v 0.374914 0 0.0972334
v 0 100 0.1
v 0.377183 0 0.103071
v 0 100 0.1
v 0.282112 0 0.134487
v 0 100 0.1
v 0.28023 0 0.129788
v 0 100 0.1
v 0.374914 0 0.0972334
v 0 100 0.1
v 0.28023 0 0.129788
v 0 100 0.1
v 0.372587 0 0.0914473
v 0 100 0.1
v 0.374914 0 0.0972334
v 0 100 0.1
v 0.28023 0 0.129788
v 0 100 0.1
v 0.278311 0 0.125158
v 0 100 0.1
v 0.372587 0 0.0914473
v 0 100 0.1
v 0.278311 0 0.125158
v 0 100 0.1
v 0.370204 0 0.0857163
v 0 100 0.1
v 0.372587 0 0.0914473
v 0 100 0.1
v 0.278311 0 0.125158
v 0 100 0.1
v 0.276359 0 0.120601
v 0 100 0.1
v 0.370204 0 0.0857163
v 0 100 0.1
v 0.276359 0 0.120601
v 0 100 0.1
v 0.367765 0 0.0800411
v 0 100 0.1
v 0.370204 0 0.0857163
v 0 100 0.1
v 0.276359 0 0.120601
v 0 100 0.1
v 0.274375 0 0.11612
v 0 100 0.1
v 0.367765 0 0.0800411
v 0 100 0.1
v 0.274375 0 0.11612
v 0 100 0.1
v 0.365268 0 0.0744248
v 0 100 0.1
v 0.367765 0 0.0800411
v 0 100 0.1
v 0.274375 0 0.11612
v 0 100 0.1
v 0.27236 0 0.111718
v 0 100 0.1
v 0.365268 0 0.0744248
v 0 100 0.1
v 0.27236 0 0.111718
v 0 100 0.1
v 0.362715 0 0.0688688
v 0 100 0.1
v 0.365268 0 0.0744248
v 0 100 0.1
v 0.27236 0 0.111718
v 0 100 0.1
v 0.270317 0 0.107399
v 0 100 0.1
v 0.362715 0 0.0688688
v 0 100 0.1
v 0.270317 0 0.107399
v 0 100 0.1
v 0.360105 0 0.0633753
v 0 100 0.1
v 0.362715 0 0.0688688
v 0 100 0.1
v 0.270317 0 0.107399
v 0 100 0.1
v 0.268246 0 0.103166
v 0 100 0.1
v 0.360105 0 0.0633753
v 0 100 0.1
v 0.268246 0 0.103166
v 0 100 0.1
v 0.357438 0 0.057946
v 0 100 0.1
v 0.360105 0 0.0633753
v 0 100 0.1
v 0.268246 0 0.103166
v 0 100 0.1
v 0.266151 0 0.0990229
v 0 100 0.1
v 0.357438 0 0.057946
v 0 100 0.1
v 0.266151 0 0.0990229
v 0 100 0.1
v 0.354714 0 0.0525836
v 0 100 0.1
v 0.357438 0 0.057946
v 0 100 0.1
v 0.266151 0 0.0990229
v 0 100 0.1
v 0.264034 0 0.0949739
v 0 100 0.1
v 0.354714 0 0.0525836
v 0 100 0.1
v 0.264034 0 0.0949739
v 0 100 0.1
v 0.351932 0 0.0472889
v 0 100 0.1
v 0.354714 0 0.0525836
v 0 100 0.1
v 0.264034 0 0.0949739
v 0 100 0.1
v 0.261895 0 0.0910208
v 0 100 0.1
v 0.351932 0 0.0472889
v 0 100 0.1
v 0.261895 0 0.0910208
v 0 100 0.1
v 0.349092 0 0.0420656
v 0 100 0.1
v 0.351932 0 0.0472889
v 0 100 0.1
v 0.261895 0 0.0910208
v 0 100 0.1
v 0.259739 0 0.0871693
v 0 100 0.1
v 0.349092 0 0.0420656
v 0 100 0.1
v 0.259739 0 0.0871693
v 0 100 0.1
v 0.346194 0 0.0369135
v 0 100 0.1
v 0.349092 0 0.0420656
v 0 100 0.1
v 0.259739 0 0.0871693
v 0 100 0.1
v 0.257567 0 0.0834212
v 0 100 0.1
v 0.346194 0 0.0369135
v 0 100 0.1
v 0.257567 0 0.0834212
v 0 100 0.1
v 0.343235 0 0.0318363
v 0 100 0.1
v 0.346194 0 0.0369135
v 0 100 0.1
v 0.257567 0 0.0834212
v 0 100 0.1
v 0.255383 0 0.0797808
v 0 100 0.1
v 0.343235 0 0.0318363
v 0 100 0.1
v 0.255383 0 0.0797808
v 0 100 0.1
v 0.340216 0 0.026835
v 0 100 0.1
v 0.343235 0 0.0318363
v 0 100 0.1
v 0.255383 0 0.0797808
v 0 100 0.1
v 0.253188 0 0.0762514
v 0 100 0.1
v 0.340216 0 0.026835
v 0 100 0.1
v 0.253188 0 0.0762514
v 0 100 0.1
v 0.337136 0 0.0219121
v 0 100 0.1
v 0.340216 0 0.026835
v 0 100 0.1
v 0.253188 0 0.0762514
v 0 100 0.1
v 0.250986 0 0.0728368
v 0 100 0.1
v 0.337136 0 0.0219121
v 0 100 0.1
v 0.250986 0 0.0728368
v 0 100 0.1
v 0.333992 0 0.017069
v 0 100 0.1
v 0.337136 0 0.0219121
v 0 100 0.1
v 0.250986 0 0.0728368
v 0 100 0.1
v 0.248781 0 0.0695403
v 0 100 0.1
v 0.333992 0 0.017069
v 0 100 0.1
v 0.248781 0 0.0695403
v 0 100 0.1
v 0.330784 0 0.012308
v 0 100 0.1
v 0.333992 0 0.017069
v 0 100 0.1
v 0.248781 0 0.0695403
v 0 100 0.1
v 0.246575 0 0.066365
v 0 100 0.1
v 0.330784 0 0.012308
v 0 100 0.1
v 0.246575 0 0.066365
v 0 100 0.1
v 0.32751 0 0.00763147
v 0 100 0.1
v 0.330784 0 0.012308
v 0 100 0.1
v 0.246575 0 0.066365
v 0 100 0.1
v 0.244373 0 0.0633148
v 0 100 0.1
v 0.32751 0 0.00763147
v 0 100 0.1
v 0.244373 0 0.0633148
v 0 100 0.1
v 0.324167 0 0.00304093
v 0 100 0.1
v 0.32751 0 0.00763147
v 0 100 0.1
v 0.244373 0 0.0633148
v 0 100 0.1
v 0.242178 0 0.0603928
v 0 100 0.1
v 0.324167 0 0.00304093
v 0 100 0.1
v 0.242178 0 0.0603928
v 0 100 0.1
v 0.320754 0 -0.0014611
v 0 100 0.1
v 0.324167 0 0.00304093
v 0 100 0.1
v 0.242178 0 0.0603928
v 0 100 0.1
v 0.239995 0 0.0576018
v 0 100 0.1
v 0.320754 0 -0.0014611
v 0 100 0.1
v 0.239995 0 0.0576018
v 0 100 0.1
v 0.317268 0 -0.00587207
v 0 100 0.1
v 0.320754 0 -0.0014611
v 0 100 0.1
v 0.239995 0 0.0576018
v 0 100 0.1
v 0.237828 0 0.0549454
v 0 100 0.1
v 0.317268 0 -0.00587207
v 0 100 0.1
v 0.237828 0 0.0549454
v 0 100 0.1
v 0.313706 0 -0.0101901
v 0 100 0.1
v 0.317268 0 -0.00587207
v 0 100 0.1
v 0.237828 0 0.0549454
v 0 100 0.1
v 0.235682 0 0.0524258
v 0 100 0.1
v 0.313706 0 -0.0101901
v 0 100 0.1
v 0.235682 0 0.0524258
v 0 100 0.1
v 0.310065 0 -0.0144117
v 0 100 0.1
v 0.313706 0 -0.0101901
v 0 100 0.1
v 0.235682 0 0.0524258
v 0 100 0.1
v 0.233562 0 0.0500457
v 0 100 0.1
v 0.310065 0 -0.0144117
v 0 100 0.1
v 0.233562 0 0.0500457
v 0 100 0.1
v 0.306342 0 -0.0185342
v 0 100 0.1
v 0.310065 0 -0.0144117
v 0 100 0.1
v 0.233562 0 0.0500457
v 0 100 0.1
v 0.231475 0 0.0478076
v 0 100 0.1
v 0.306342 0 -0.0185342
v 0 100 0.1
v 0.231475 0 0.0478076
v 0 100 0.1
v 0.302532 0 -0.0225548
v 0 100 0.1
v 0.306342 0 -0.0185342
v 0 100 0.1
v 0.231475 0 0.0478076
v 0 100 0.1
v 0.229424 0 0.045713
v 0 100 0.1
v 0.302532 0 -0.0225548
v 0 100 0.1
v 0.229424 0 0.045713
v 0 100 0.1
v 0.298632 0 -0.0264694
v 0 100 0.1
v 0.302532 0 -0.0225548
v 0 100 0.1
v 0.229424 0 0.045713
v 0 100 0.1
v 0.227418 0 0.0437634
v 0 100 0.1
v 0.298632 0 -0.0264694
v 0 100 0.1
v 0.227418 0 0.0437634
v 0 100 0.1
v 0.294637 0 -0.0302738
v 0 100 0.1
v 0.298632 0 -0.0264694
v 0 100 0.1
v 0.227418 0 0.0437634
v 0 100 0.1
v 0.225461 0 0.0419594
v 0 100 0.1
v 0.294637 0 -0.0302738
v 0 100 0.1
v 0.225461 0 0.0419594
v 0 100 0.1
v 0.290543 0 -0.0339634
v 0 100 0.1
v 0.294637 0 -0.0302738
v 0 100 0.1
v 0.225461 0 0.0419594
v 0 100 0.1
v 0.22356 0 0.040301
v 0 100 0.1
v 0.290543 0 -0.0339634
v 0 100 0.1
v 0.22356 0 0.040301
v 0 100 0.1
v 0.286345 0 -0.0375326
v 0 100 0.1
v 0.290543 0 -0.0339634
v 0 100 0.1
v 0.22356 0 0.040301
v 0 100 0.1
v 0.221725 0 0.0387886
v 0 100 0.1
v 0.286345 0 -0.0375326
v 0 100 0.1
v 0.221725 0 0.0387886
v 0 100 0.1
v 0.282037 0 -0.0409763
v 0 100 0.1
v 0.286345 0 -0.0375326
v 0 100 0.1
v 0.221725 0 0.0387886
v 0 100 0.1
v 0.219959 0 0.0374194
v 0 100 0.1
v 0.282037 0 -0.0409763
v 0 100 0.1
v 0.219959 0 0.0374194
v 0 100 0.1
v 0.277614 0 -0.0442864
v 0 100 0.1
v 0.282037 0 -0.0409763
v 0 100 0.1
v 0.219959 0 0.0374194
v 0 100 0.1
v 0.21827 0 0.0361911
v 0 100 0.1
v 0.277614 0 -0.0442864
v 0 100 0.1
v 0.21827 0 0.0361911
v 0 100 0.1
v 0.273073 0 -0.0474548
v 0 100 0.1
v 0.277614 0 -0.0442864
v 0 100 0.1
v 0.21827 0 0.0361911
v 0 100 0.1
v 0.216666 0 0.0351009
v 0 100 0.1
v 0.273073 0 -0.0474548
v 0 100 0.1
v 0.216666 0 0.0351009
v 0 100 0.1
v 0.268405 0 -0.0504736
v 0 100 0.1
v 0.273073 0 -0.0474548
v 0 100 0.1
v 0.216666 0 0.0351009
v 0 100 0.1
v 0.215151 0 0.0341429
v 0 100 0.1
v 0.268405 0 -0.0504736
v 0 100 0.1
v 0.215151 0 0.0341429
v 0 100 0.1
v 0.26361 0 -0.0533311
v 0 100 0.1
v 0.268405 0 -0.0504736
v 0 100 0.1
v 0.215151 0 0.0341429
v 0 100 0.1
v 0.21373 0 0.0333112
v 0 100 0.1
v 0.26361 0 -0.0533311
v 0 100 0.1
v 0.21373 0 0.0333112
v 0 100 0.1
v 0.258682 0 -0.0560159
v 0 100 0.1
v 0.26361 0 -0.0533311
v 0 100 0.1
v 0.21373 0 0.0333112
v 0 100 0.1
v 0.21241 0 0.0325986
v 0 100 0.1
v 0.258682 0 -0.0560159
v 0 100 0.1
v 0.21241 0 0.0325986
v 0 100 0.1
v 0.253619 0 -0.0585156
v 0 100 0.1
v 0.258682 0 -0.0560159
v 0 100 0.1
v 0.21241 0 0.0325986
v 0 100 0.1
v 0.211191 0 0.0319959
v 0 100 0.1
v 0.253619 0 -0.0585156
v 0 100 0.1
v 0.211191 0 0.0319959
v 0 100 0.1
v 0.248421 0 -0.0608153
v 0 100 0.1
v 0.253619 0 -0.0585156
v 0 100 0.1
v 0.211191 0 0.0319959
v 0 100 0.1
v 0.210074 0 0.0314933
v 0 100 0.1
v 0.248421 0 -0.0608153
v 0 100 0.1
v 0.210074 0 0.0314933
v 0 100 0.1
v 0.243089 0 -0.0628997
v 0 100 0.1
v 0.248421 0 -0.0608153
v 0 100 0.1
v 0.210074 0 0.0314933
v 0 100 0.1
v 0.209059 0 0.0310803
v 0 100 0.1
v 0.243089 0 -0.0628997
v 0 100 0.1
v 0.209059 0 0.0310803
v 0 100 0.1
v 0.237624 0 -0.064753
v 0 100 0.1
v 0.243089 0 -0.0628997
v 0 100 0.1
v 0.209059 0 0.0310803
v 0 100 0.1
v 0.20814 0 0.0307453
v 0 100 0.1
v 0.237624 0 -0.064753
v 0 100 0.1
v 0.20814 0 0.0307453
v 0 100 0.1
v 0.232035 0 -0.066358
v 0 100 0.1
v 0.237624 0 -0.064753
v 0 100 0.1
v 0.20814 0 0.0307453
v 0 100 0.1
v 0.20731 0 0.0304769
v 0 100 0.1
v 0.232035 0 -0.066358
v 0 100 0.1
v 0.20731 0 0.0304769
v 0 100 0.1
v 0.226329 0 -0.0676978
v 0 100 0.1
v 0.232035 0 -0.066358
v 0 100 0.1
v 0.20731 0 0.0304769
v 0 100 0.1
v 0.20656 0 0.0302645
v 0 100 0.1
v 0.226329 0 -0.0676978
v 0 100 0.1
v 0.20656 0 0.0302645
v 0 100 0.1
v 0.220519 0 -0.0687564
v 0 100 0.1
v 0.226329 0 -0.0676978
v 0 100 0.1
v 0.20656 0 0.0302645
v 0 100 0.1
v 0.205874 0 0.0300984
v 0 100 0.1
v 0.220519 0 -0.0687564
v 0 100 0.1
v 0.205874 0 0.0300984
v 0 100 0.1
v 0.21462 0 -0.0695184
v 0 100 0.1
v 0.220519 0 -0.0687564
v 0 100 0.1
v 0.205874 0 0.0300984
v 0 100 0.1
v 0.202572 0 0.0298084
v 0 100 0.1
v 0.21462 0 -0.0695184
v 0 100 0.1
v 0.202572 0 0.0298084
v 0 100 0.1
v 0.211317 0 -0.0698084
v 0 100 0.1
v 0.21462 0 -0.0695184
v 0 100 0.1
v 0.202572 0 0.0298084
v 0 100 0.1
v 0.205224 0 0.0299704
v 0 100 0.1
v 0.211317 0 -0.0698084
v 0 100 0.1
v 0.205224 0 0.0299704
v 0 100 0.1
v 0.208664 0 -0.0699704
v 0 100 0.1
v 0.211317 0 -0.0698084
v 0 100 0.1
v 0.205224 0 0.0299704
v 0 100 0.1
v 0.204538 0 0.0298778
v 0 100 0.1
v 0.208664 0 -0.0699704
v 0 100 0.1
v 0.204538 0 0.0298778
v 0 100 0.1
v 0.202725 0 -0.0701058
v 0 100 0.1
v 0.208664 0 -0.0699704
v 0 100 0.1
v 0.204538 0 0.0298778
v 0 100 0.1
v 0.203783 0 0.0298254
v 0 100 0.1
v 0.202725 0 -0.0701058
v 0 100 0.1
v 0.203783 0 0.0298254
v 0 100 0.1
v 0.196837 0 -0.0699331
v 0 100 0.1
v 0.202725 0 -0.0701058
v 0 100 0.1
v 0.203783 0 0.0298254
v 0 100 0.1
v 0.202945 0 0.029821
v 0 100 0.1
v 0.196837 0 -0.0699331
v 0 100 0.1
v 0.202945 0 0.029821
v 0 100 0.1
v 0.191016 0 -0.069465
v 0 100 0.1
v 0.196837 0 -0.0699331
v 0 100 0.1
v 0.202945 0 0.029821
v 0 100 0.1
v 0.202012 0 0.0298736
v 0 100 0.1
v 0.191016 0 -0.069465
v 0 100 0.1
v 0.202012 0 0.0298736
v 0 100 0.1
v 0.185276 0 -0.068716
v 0 100 0.1
v 0.191016 0 -0.069465
v 0 100 0.1
v 0.202012 0 0.0298736
v 0 100 0.1
v 0.200975 0 0.0299937
v 0 100 0.1
v 0.185276 0 -0.068716
v 0 100 0.1
v 0.200975 0 0.0299937
v 0 100 0.1
v 0.17963 0 -0.0677017
v 0 100 0.1
v 0.185276 0 -0.068716
v 0 100 0.1
v 0.200975 0 0.0299937
v 0 100 0.1
v 0.199829 0 0.0301918
v 0 100 0.1
v 0.17963 0 -0.0677017
v 0 100 0.1
v 0.199829 0 0.0301918
v 0 100 0.1
v 0.174086 0 -0.0664378
v 0 100 0.1
v 0.17963 0 -0.0677017
v 0 100 0.1
v 0.199829 0 0.0301918
v 0 100 0.1
v 0.198569 0 0.0304785
v 0 100 0.1
v 0.174086 0 -0.0664378
v 0 100 0.1
v 0.198569 0 0.0304785
v 0 100 0.1
v 0.168648 0 -0.0649403
v 0 100 0.1
v 0.174086 0 -0.0664378
v 0 100 0.1
v 0.198569 0 0.0304785
v 0 100 0.1
v 0.197195 0 0.0308636
v 0 100 0.1
v 0.168648 0 -0.0649403
v 0 100 0.1
v 0.197195 0 0.0308636
v 0 100 0.1
v 0.163321 0 -0.0632241
v 0 100 0.1
v 0.168648 0 -0.0649403
v 0 100 0.1
v 0.197195 0 0.0308636
v 0 100 0.1
v 0.195709 0 0.0313565
v 0 100 0.1
v 0.163321 0 -0.0632241
v 0 100 0.1
v 0.195709 0 0.0313565
v 0 100 0.1
v 0.158105 0 -0.0613038
v 0 100 0.1
v 0.163321 0 -0.0632241
v 0 100 0.1
v 0.195709 0 0.0313565
v 0 100 0.1
v 0.194113 0 0.0319649
v 0 100 0.1
v 0.158105 0 -0.0613038
v 0 100 0.1
v 0.194113 0 0.0319649
v 0 100 0.1
v 0.152999 0 -0.0591926
v 0 100 0.1
v 0.158105 0 -0.0613038
v 0 100 0.1
v 0.194113 0 0.0319649
v 0 100 0.1
v 0.192411 0 0.0326961
v 0 100 0.1
v 0.152999 0 -0.0591926
v 0 100 0.1
v 0.192411 0 0.0326961
v 0 100 0.1
v 0.148003 0 -0.0569027
v 0 100 0.1
v 0.152999 0 -0.0591926
v 0 100 0.1
v 0.192411 0 0.0326961
v 0 100 0.1
v 0.190609 0 0.0335555
v 0 100 0.1
v 0.148003 0 -0.0569027
v 0 100 0.1
v 0.190609 0 0.0335555
v 0 100 0.1
v 0.143112 0 -0.054445
v 0 100 0.1
v 0.148003 0 -0.0569027
v 0 100 0.1
v 0.190609 0 0.0335555
v 0 100 0.1
v 0.188712 0 0.0345479
v 0 100 0.1
v 0.143112 0 -0.054445
v 0 100 0.1
v 0.188712 0 0.0345479
v 0 100 0.1
v 0.138324 0 -0.0518294
v 0 100 0.1
v 0.143112 0 -0.054445
v 0 100 0.1
v 0.188712 0 0.0345479
v 0 100 0.1
v 0.186727 0 0.0356768
v 0 100 0.1
v 0.138324 0 -0.0518294
v 0 100 0.1
v 0.186727 0 0.0356768
v 0 100 0.1
v 0.133634 0 -0.0490646
v 0 100 0.1
v 0.138324 0 -0.0518294
v 0 100 0.1
v 0.186727 0 0.0356768
v 0 100 0.1
v 0.184661 0 0.0369444
v 0 100 0.1
v 0.133634 0 -0.0490646
v 0 100 0.1
v 0.184661 0 0.0369444
v 0 100 0.1
v 0.129038 0 -0.0461581
v 0 100 0.1
v 0.133634 0 -0.0490646
v 0 100 0.1
v 0.184661 0 0.0369444
v 0 100 0.1
v 0.18252 0 0.0383526
v 0 100 0.1
v 0.129038 0 -0.0461581
v 0 100 0.1
v 0.18252 0 0.0383526
v 0 100 0.1
v 0.124532 0 -0.043117
v 0 100 0.1
v 0.129038 0 -0.0461581
v 0 100 0.1
v 0.18252 0 0.0383526
v 0 100 0.1
v 0.180311 0 0.039902
v 0 100 0.1
v 0.124532 0 -0.043117
v 0 100 0.1
v 0.180311 0 0.039902
v 0 100 0.1
v 0.120111 0 -0.0399472
v 0 100 0.1
v 0.124532 0 -0.043117
v 0 100 0.1
v 0.180311 0 0.039902
v 0 100 0.1
v 0.17804 0 0.0415926
v 0 100 0.1
v 0.120111 0 -0.0399472
v 0 100 0.1
v 0.17804 0 0.0415926
v 0 100 0.1
v 0.115771 0 -0.0366539
v 0 100 0.1
v 0.120111 0 -0.0399472
v 0 100 0.1
v 0.17804 0 0.0415926
v 0 100 0.1
v 0.175714 0 0.043424
v 0 100 0.1
v 0.115771 0 -0.0366539
v 0 100 0.1
v 0.175714 0 0.043424
v 0 100 0.1
v 0.111509 0 -0.033242
v 0 100 0.1
v 0.115771 0 -0.0366539
v 0 100 0.1
v 0.175714 0 0.043424
v 0 100 0.1
v 0.173338 0 0.0453949
v 0 100 0.1
v 0.111509 0 -0.033242
v 0 100 0.1
v 0.173338 0 0.0453949
v 0 100 0.1
v 0.10732 0 -0.0297153
v 0 100 0.1
v 0.111509 0 -0.033242
v 0 100 0.1
v 0.173338 0 0.0453949
v 0 100 0.1
v 0.170919 0 0.0475042
v 0 100 0.1
v 0.10732 0 -0.0297153
v 0 100 0.1
v 0.170919 0 0.0475042
v 0 100 0.1
v 0.103201 0 -0.026078
v 0 100 0.1
v 0.10732 0 -0.0297153
v 0 100 0.1
v 0.170919 0 0.0475042
v 0 100 0.1
v 0.168461 0 0.0497498
v 0 100 0.1
v 0.103201 0 -0.026078
v 0 100 0.1
v 0.168461 0 0.0497498
v 0 100 0.1
v 0.0991499 0 -0.0223332
v 0 100 0.1
v 0.103201 0 -0.026078
v 0 100 0.1
v 0.168461 0 0.0497498
v 0 100 0.1
v 0.16597 0 0.0521296
v 0 100 0.1
v 0.0991499 0 -0.0223332
v 0 100 0.1
v 0.16597 0 0.0521296
v 0 100 0.1
v 0.0951627 0 -0.0184841
v 0 100 0.1
v 0.0991499 0 -0.0223332
v 0 100 0.1
v 0.16597 0 0.0521296
v 0 100 0.1
v 0.163451 0 0.0546411
v 0 100 0.1
v 0.0951627 0 -0.0184841
v 0 100 0.1
v 0.163451 0 0.0546411
v 0 100 0.1
v 0.0912372 0 -0.0145335
v 0 100 0.1
v 0.0951627 0 -0.0184841
v 0 100 0.1
v 0.163451 0 0.0546411
v 0 100 0.1
v 0.160909 0 0.0572819
v 0 100 0.1
v 0.0912372 0 -0.0145335
v 0 100 0.1
v 0.160909 0 0.0572819
v 0 100 0.1
v 0.0873711 0 -0.0104841
v 0 100 0.1
v 0.0912372 0 -0.0145335
v 0 100 0.1
v 0.160909 0 0.0572819
v 0 100 0.1
v 0.158347 0 0.0600492
v 0 100 0.1
v 0.0873711 0 -0.0104841
v 0 100 0.1
v 0.158347 0 0.0600492
v 0 100 0.1
v 0.0835625 0 -0.00633833
v 0 100 0.1
v 0.0873711 0 -0.0104841
v 0 100 0.1
v 0.158347 0 0.0600492
v 0 100 0.1
v 0.15577 0 0.06294
v 0 100 0.1
v 0.0835625 0 -0.00633833
v 0 100 0.1
v 0.15577 0 0.06294
v 0 100 0.1
v 0.0798094 0 -0.0020985
v 0 100 0.1
v 0.0835625 0 -0.00633833
v 0 100 0.1
v 0.15577 0 0.06294
v 0 100 0.1
v 0.153182 0 0.0659514
v 0 100 0.1
v 0.0798094 0 -0.0020985
v 0 100 0.1
v 0.153182 0 0.0659514
v 0 100 0.1
v 0.0761105 0 0.00223306
v 0 100 0.1
v 0.0798094 0 -0.0020985
v 0 100 0.1
v 0.153182 0 0.0659514
v 0 100 0.1
v 0.150586 0 0.0690804
v 0 100 0.1
v 0.0761105 0 0.00223306
v 0 100 0.1
v 0.150586 0 0.0690804
v 0 100 0.1
v 0.0724644 0 0.00665414
v 0 100 0.1
v 0.0761105 0 0.00223306
v 0 100 0.1
v 0.150586 0 0.0690804
v 0 100 0.1
v 0.147986 0 0.0723238
v 0 100 0.1
v 0.0724644 0 0.00665414
v 0 100 0.1
v 0.147986 0 0.0723238
v 0 100 0.1
v 0.0688699 0 0.0111627
v 0 100 0.1
v 0.0724644 0 0.00665414
v 0 100 0.1
v 0.147986 0 0.0723238
v 0 100 0.1
v 0.145385 0 0.0756785
v 0 100 0.1
v 0.0688699 0 0.0111627
v 0 100 0.1
v 0.145385 0 0.0756785
v 0 100 0.1
v 0.0653262 0 0.0157566
v 0 100 0.1
v 0.0688699 0 0.0111627
v 0 100 0.1
v 0.145385 0 0.0756785
v 0 100 0.1
v 0.142786 0 0.0791411
v 0 100 0.1
v 0.0653262 0 0.0157566
v 0 100 0.1
v 0.142786 0 0.0791411
v 0 100 0.1
v 0.0618324 0 0.0204339
v 0 100 0.1
v 0.0653262 0 0.0157566
v 0 100 0.1
v 0.142786 0 0.0791411
v 0 100 0.1
v 0.140192 0 0.0827087
v 0 100 0.1
v 0.0618324 0 0.0204339
v 0 100 0.1
v 0.140192 0 0.0827087
v 0 100 0.1
v 0.0583881 0 0.0251925
v 0 100 0.1
v 0.0618324 0 0.0204339
v 0 100 0.1
v 0.140192 0 0.0827087
v 0 100 0.1
v 0.137606 0 0.0863777
v 0 100 0.1
v 0.0583881 0 0.0251925
v 0 100 0.1
v 0.137606 0 0.0863777
v 0 100 0.1
v 0.0549927 0 0.0300306
v 0 100 0.1
v 0.0583881 0 0.0251925
v 0 100 0.1
v 0.137606 0 0.0863777
v 0 100 0.1
v 0.135031 0 0.0901454
v 0 100 0.1
v 0.0549927 0 0.0300306
v 0 100 0.1
v 0.135031 0 0.0901454
v 0 100 0.1
v 0.0516461 0 0.0349458
v 0 100 0.1
v 0.0549927 0 0.0300306
v 0 100 0.1
v 0.135031 0 0.0901454
v 0 100 0.1
v 0.132468 0 0.0940079
v 0 100 0.1
v 0.0516461 0 0.0349458
v 0 100 0.1
v 0.132468 0 0.0940079
v 0 100 0.1
v 0.0483477 0 0.0399365
v 0 100 0.1
v 0.0516461 0 0.0349458
v 0 100 0.1
v 0.132468 0 0.0940079
v 0 100 0.1
v 0.129921 0 0.0979623
v 0 100 0.1
v 0.0483477 0 0.0399365
v 0 100 0.1
v 0.129921 0 0.0979623
v 0 100 0.1
v 0.0450977 0 0.0450006
v 0 100 0.1
v 0.0483477 0 0.0399365
v 0 100 0.1
v 0.129921 0 0.0979623
v 0 100 0.1
v 0.127392 0 0.102006
v 0 100 0.1
v 0.0450977 0 0.0450006
v 0 100 0.1
v 0.127392 0 0.102006
v 0 100 0.1
v 0.0418962 0 0.0501359
v 0 100 0.1
v 0.0450977 0 0.0450006
v 0 100 0.1
v 0.127392 0 0.102006
v 0 100 0.1
v 0.124883 0 0.106134
v 0 100 0.1
v 0.0418962 0 0.0501359
v 0 100 0.1
v 0.124883 0 0.106134
v 0 100 0.1
v 0.0387431 0 0.0553407
v 0 100 0.1
v 0.0418962 0 0.0501359
v 0 100 0.1
v 0.124883 0 0.106134
v 0 100 0.1
v 0.122396 0 0.110344
v 0 100 0.1
v 0.0387431 0 0.0553407
v 0 100 0.1
v 0.122396 0 0.110344
v 0 100 0.1
v 0.0356386 0 0.0606129
v 0 100 0.1
v 0.0387431 0 0.0553407
v 0 100 0.1
v 0.122396 0 0.110344
v 0 100 0.1
v 0.119933 0 0.114634
v 0 100 0.1
v 0.0356386 0 0.0606129
v 0 100 0.1
v 0.119933 0 0.114634
v 0 100 0.1
v 0.0325832 0 0.0659504
v 0 100 0.1
v 0.0356386 0 0.0606129
v 0 100 0.1
v 0.119933 0 0.114634
v 0 100 0.1
v 0.117496 0 0.118999
v 0 100 0.1
v 0.0325832 0 0.0659504
v 0 100 0.1
v 0.117496 0 0.118999
v 0 100 0.1
v 0.0295771 0 0.0713512
v 0 100 0.1
v 0.0325832 0 0.0659504
v 0 100 0.1
v 0.117496 0 0.118999
v 0 100 0.1
v 0.115087 0 0.123437
v 0 100 0.1
v 0.0295771 0 0.0713512
v 0 100 0.1
v 0.115087 0 0.123437
v 0 100 0.1
v 0.0266206 0 0.0768134
v 0 100 0.1
v 0.0295771 0 0.0713512
v 0 100 0.1
v 0.115087 0 0.123437
v 0 100 0.1
v 0.112708 0 0.127944
v 0 100 0.1
v 0.0266206 0 0.0768134
v 0 100 0.1
v 0.112708 0 0.127944
v 0 100 0.1
v 0.0237143 0 0.0823349
v 0 100 0.1
v 0.0266206 0 0.0768134
v 0 100 0.1
v 0.112708 0 0.127944
v 0 100 0.1
v 0.11036 0 0.132517
v 0 100 0.1
v 0.0237143 0 0.0823349
v 0 100 0.1
v 0.11036 0 0.132517
v 0 100 0.1
v 0.0208588 0 0.0879136
v 0 100 0.1
v 0.0237143 0 0.0823349
v 0 100 0.1
v 0.11036 0 0.132517
v 0 100 0.1
v 0.108047 0 0.137153
v 0 100 0.1
v 0.0208588 0 0.0879136
v 0 100 0.1
v 0.108047 0 0.137153
v 0 100 0.1
v 0.0180546 0 0.0935475
v 0 100 0.1
v 0.0208588 0 0.0879136
v 0 100 0.1
v 0.108047 0 0.137153
v 0 100 0.1
v 0.105768 0 0.141849
v 0 100 0.1
v 0.0180546 0 0.0935475
v 0 100 0.1
v 0.105768 0 0.141849
v 0 100 0.1
v 0.0153023 0 0.0992346
v 0 100 0.1
v 0.0180546 0 0.0935475
v 0 100 0.1
v 0.105768 0 0.141849
v 0 100 0.1
v 0.103526 0 0.146601
v 0 100 0.1
v 0.0153023 0 0.0992346
v 0 100 0.1
v 0.103526 0 0.146601
v 0 100 0.1
v 0.0126026 0 0.104973
v 0 100 0.1
v 0.0153023 0 0.0992346
v 0 100 0.1
v 0.103526 0 0.146601
v 0 100 0.1
v 0.101322 0 0.151407
v 0 100 0.1
v 0.0126026 0 0.104973
v 0 100 0.1
v 0.101322 0 0.151407
v 0 100 0.1
v 0.0099562 0 0.11076
v 0 100 0.1
v 0.0126026 0 0.104973
v 0 100 0.1
v 0.101322 0 0.151407
v 0 100 0.1
v 0.0991591 0 0.156263
v 0 100 0.1
v 0.0099562 0 0.11076
v 0 100 0.1
v 0.0991591 0 0.156263
v 0 100 0.1
v 0.00736382 0 0.116594
v 0 100 0.1
v 0.0099562 0 0.11076
v 0 100 0.1
v 0.0991591 0 0.156263
v 0 100 0.1
v 0.0970371 0 0.161166
v 0 100 0.1
v 0.00736382 0 0.116594
v 0 100 0.1
v 0.0970371 0 0.161166
v 0 100 0.1
v 0.00482634 0 0.122473
v 0 100 0.1
v 0.00736382 0 0.116594
v 0 100 0.1
v 0.0970371 0 0.161166
v 0 100 0.1
v 0.0949583 0 0.166113
v 0 100 0.1
v 0.00482634 0 0.122473
v 0 100 0.1
v 0.0949583 0 0.166113
v 0 100 0.1
v 0.00234454 0 0.128394
v 0 100 0.1
v 0.00482634 0 0.122473
v 0 100 0.1
v 0.0949583 0 0.166113
v 0 100 0.1
v 0.0929239 0 0.171101
v 0 100 0.1
v 0.00234454 0 0.128394
v 0 100 0.1
v 0.0929239 0 0.171101
v 0 100 0.1
v -8.07568e-05 0 0.134357
v 0 100 0.1
v 0.00234454 0 0.128394
v 0 100 0.1
v 0.0929239 0 0.171101
v 0 100 0.1
v 0.0909356 0 0.176126
v 0 100 0.1
v -8.07568e-05 0 0.134357
v 0 100 0.1
v 0.0909356 0 0.176126
v 0 100 0.1
v -0.00244868 0 0.140358
v 0 100 0.1
v -8.07568e-05 0 0.134357
v 0 100 0.1
v 0.0909356 0 0.176126
v 0 100 0.1
v 0.0889946 0 0.181186
v 0 100 0.1
v -0.00244868 0 0.140358
v 0 100 0.1
v 0.0889946 0 0.181186
v 0 100 0.1
v -0.00475827 0 0.146395
v 0 100 0.1
v -0.00244868 0 0.140358
v 0 100 0.1
v 0.0889946 0 0.181186
v 0 100 0.1
v 0.0871025 0 0.186277
v 0 100 0.1
v -0.00475827 0 0.146395
v 0 100 0.1
v 0.0871025 0 0.186277
v 0 100 0.1
v -0.00700856 0 0.152467
v 0 100 0.1
v -0.00475827 0 0.146395
v 0 100 0.1
v 0.0871025 0 0.186277
v 0 100 0.1
v 0.0852605 0 0.191396
v 0 100 0.1
v -0.00700856 0 0.152467
v 0 100 0.1
v 0.0852605 0 0.191396
v 0 100 0.1
v -0.00919872 0 0.158572
v 0 100 0.1
v -0.00700856 0 0.152467
v 0 100 0.1
v 0.0852605 0 0.191396
v 0 100 0.1
v 0.08347 0 0.19654
v 0 100 0.1
v -0.00919872 0 0.158572
v 0 100 0.1
v 0.08347 0 0.19654
v 0 100 0.1
v -0.0113276 0 0.164706
v 0 100 0.1
v -0.00919872 0 0.158572
v 0 100 0.1
v 0.08347 0 0.19654
v 0 100 0.1
v 0.0817322 0 0.201707
v 0 100 0.1
v -0.0113276 0 0.164706
v 0 100 0.1
v 0.0817322 0 0.201707
v 0 100 0.1
v -0.0133943 0 0.170869
v 0 100 0.1
v -0.0113276 0 0.164706
v 0 100 0.1
v 0.0817322 0 0.201707
v 0 100 0.1
v 0.0800486 0 0.206891
v 0 100 0.1
v -0.0133943 0 0.170869
v 0 100 0.1
v 0.0800486 0 0.206891
v 0 100 0.1
v -0.0153977 0 0.177058
v 0 100 0.1
v -0.0133943 0 0.170869
v 0 100 0.1
v 0.0800486 0 0.206891
v 0 100 0.1
v 0.0784203 0 0.212091
v 0 100 0.1
v -0.0153977 0 0.177058
v 0 100 0.1
v 0.0784203 0 0.212091
v 0 100 0.1
v -0.0173368 0 0.183272
v 0 100 0.1
v -0.0153977 0 0.177058
v 0 100 0.1
v 0.0784203 0 0.212091
v 0 100 0.1
v 0.0768486 0 0.217303
v 0 100 0.1
v -0.0173368 0 0.183272
v 0 100 0.1
v 0.0768486 0 0.217303
v 0 100 0.1
v -0.0192105 0 0.189507
v 0 100 0.1
v -0.0173368 0 0.183272
v 0 100 0.1
v 0.0768486 0 0.217303
v 0 100 0.1
v 0.0753348 0 0.222525
v 0 100 0.1
v -0.0192105 0 0.189507
v 0 100 0.1
v 0.0753348 0 0.222525
v 0 100 0.1
v -0.0210176 0 0.195762
v 0 100 0.1
v -0.0192105 0 0.189507
v 0 100 0.1
v 0.0753348 0 0.222525
v 0 100 0.1
v 0.0738799 0 0.227752
v 0 100 0.1
v -0.0210176 0 0.195762
v 0 100 0.1
v 0.0738799 0 0.227752
v 0 100 0.1
v -0.0227571 0 0.202036
v 0 100 0.1
v -0.0210176 0 0.195762
v 0 100 0.1
v 0.0738799 0 0.227752
v 0 100 0.1
v 0.0724852 0 0.232981
v 0 100 0.1
v -0.0227571 0 0.202036
v 0 100 0.1
v 0.0724852 0 0.232981
v 0 100 0.1
v -0.0244277 0 0.208326
v 0 100 0.1
v -0.0227571 0 0.202036
v 0 100 0.1
v 0.0724852 0 0.232981
v 0 100 0.1
v 0.0711517 0 0.23821
v 0 100 0.1
v -0.0244277 0 0.208326
v 0 100 0.1
v 0.0711517 0 0.23821
v 0 100 0.1
v -0.0260283 0 0.214629
v 0 100 0.1
v -0.0244277 0 0.208326
v 0 100 0.1
v 0.0711517 0 0.23821
v 0 100 0.1
v 0.0698807 0 0.243435
v 0 100 0.1
v -0.0260283 0 0.214629
v 0 100 0.1
v 0.0698807 0 0.243435
v 0 100 0.1
v -0.0275576 0 0.220946
v 0 100 0.1
v -0.0260283 0 0.214629
v 0 100 0.1
v 0.0698807 0 0.243435
v 0 100 0.1
v 0.0686732 0 0.248652
v 0 100 0.1
v -0.0275576 0 0.220946
v 0 100 0.1
v 0.0686732 0 0.248652
v 0 100 0.1
v -0.0290144 0 0.227272
v 0 100 0.1
v -0.0275576 0 0.220946
v 0 100 0.1
v 0.0686732 0 0.248652
v 0 100 0.1
v 0.0675302 0 0.253859
v 0 100 0.1
v -0.0290144 0 0.227272
v 0 100 0.1
v 0.0675302 0 0.253859
v 0 100 0.1
v -0.0303975 0 0.233606
v 0 100 0.1
v -0.0290144 0 0.227272
v 0 100 0.1
v 0.0675302 0 0.253859
v 0 100 0.1
v 0.0664527 0 0.259052
v 0 100 0.1
v -0.0303975 0 0.233606
v 0 100 0.1
v 0.0664527 0 0.259052
v 0 100 0.1
v -0.0317053 0 0.239947
v 0 100 0.1
v -0.0303975 0 0.233606
v 0 100 0.1
v 0.0664527 0 0.259052
v 0 100 0.1
v 0.0654417 0 0.264228
v 0 100 0.1
v -0.0317053 0 0.239947
v 0 100 0.1
v 0.0654417 0 0.264228
v 0 100 0.1
v -0.0329368 0 0.246293
v 0 100 0.1
v -0.0317053 0 0.239947
v 0 100 0.1
v 0.0654417 0 0.264228
v 0 100 0.1
v 0.0644982 0 0.269383
v 0 100 0.1
v -0.0329368 0 0.246293
v 0 100 0.1
v 0.0644982 0 0.269383
v 0 100 0.1
v -0.0340904 0 0.252641
v 0 100 0.1
v -0.0329368 0 0.246293
v 0 100 0.1
v 0.0644982 0 0.269383
v 0 100 0.1
v 0.063623 0 0.274514
v 0 100 0.1
v -0.0340904 0 0.252641
v 0 100 0.1
v 0.063623 0 0.274514
v 0 100 0.1
v -0.0351646 0 0.25899
v 0 100 0.1
v -0.0340904 0 0.252641
v 0 100 0.1
v 0.063623 0 0.274514
v 0 100 0.1
v 0.062817 0 0.279617
v 0 100 0.1
v -0.0351646 0 0.25899
v 0 100 0.1
v 0.062817 0 0.279617
v 0 100 0.1
v -0.0361582 0 0.265338
v 0 100 0.1
v -0.0351646 0 0.25899
v 0 100 0.1
v 0.062817 0 0.279617
v 0 100 0.1
v 0.0620811 0 0.284689
v 0 100 0.1
v -0.0361582 0 0.265338
v 0 100 0.1
v 0.0620811 0 0.284689
v 0 100 0.1
v -0.0370695 0 0.271683
v 0 100 0.1
v -0.0361582 0 0.265338
v 0 100 0.1
v 0.0620811 0 0.284689
v 0 100 0.1
v 0.0614159 0 0.289727
v 0 100 0.1
v -0.0370695 0 0.271683
v 0 100 0.1
v 0.0614159 0 0.289727
v 0 100 0.1
v -0.0378969 0 0.278024
v 0 100 0.1
v -0.0370695 0 0.271683
v 0 100 0.1
v 0.0614159 0 0.289727
v 0 100 0.1
v 0.0608222 0 0.294727
v 0 100 0.1
v -0.0378969 0 0.278024
v 0 100 0.1
v 0.0608222 0 0.294727
v 0 100 0.1
v -0.0386389 0 0.284359
v 0 100 0.1
v -0.0378969 0 0.278024
v 0 100 0.1
v 0.0608222 0 0.294727
v 0 100 0.1
v 0.0603006 0 0.299685
v 0 100 0.1
v -0.0386389 0 0.284359
v 0 100 0.1
v 0.0603006 0 0.299685
v 0 100 0.1
v -0.0392937 0 0.290686
v 0 100 0.1
v -0.0386389 0 0.284359
v 0 100 0.1
v 0.0603006 0 0.299685
v 0 100 0.1
v 0.0598517 0 0.304598
v 0 100 0.1
v -0.0392937 0 0.290686
v 0 100 0.1
v 0.0598517 0 0.304598
v 0 100 0.1
v -0.0398595 0 0.297003
v 0 100 0.1
v -0.0392937 0 0.290686
v 0 100 0.1
v 0.0598517 0 0.304598
v 0 100 0.1
v 0.059476 0 0.309462
v 0 100 0.1
v -0.0398595 0 0.297003
v 0 100 0.1
v 0.059476 0 0.309462
v 0 100 0.1
v -0.0403346 0 0.30331
v 0 100 0.1
v -0.0398595 0 0.297003
v 0 100 0.1
v 0.059476 0 0.309462
v 0 100 0.1
v 0.0591739 0 0.314274
v 0 100 0.1
v -0.0403346 0 0.30331
v 0 100 0.1
v 0.0591739 0 0.314274
v 0 100 0.1
v -0.040717 0 0.309603
v 0 100 0.1
v -0.0403346 0 0.30331
v 0 100 0.1
v 0.0591739 0 0.314274
v 0 100 0.1
v 0.0589457 0 0.319029
v 0 100 0.1
v -0.040717 0 0.309603
v 0 100 0.1
v 0.0589457 0 0.319029
v 0 100 0.1
v -0.0410048 0 0.315883
v 0 100 0.1
v -0.040717 0 0.309603
v 0 100 0.1
v 0.0589457 0 0.319029
v 0 100 0.1
v 0.0587917 0 0.323725
v 0 100 0.1
v -0.0410048 0 0.315883
v 0 100 0.1
v 0.0587917 0 0.323725
v 0 100 0.1
v -0.0411958 0 0.322146
v 0 100 0.1
v -0.0410048 0 0.315883
v 0 100 0.1
v 0.0587917 0 0.323725
v 0 100 0.1
v 0.0587121 0 0.328357
v 0 100 0.1
v -0.0411958 0 0.322146
v 0 100 0.1
v 0.0587121 0 0.328357
v 0 100 0.1
v -0.0412879 0 0.328392
v 0 100 0.1
v -0.0411958 0 0.322146
v 0 100 0.1
v 0.0587121 0 0.328357
v 0 100 0.1
v 0.0587068 0 0.332922
v 0 100 0.1
v -0.0412879 0 0.328392
v 0 100 0.1
v 0.0587068 0 0.332922
v 0 100 0.1
v -0.0412788 0 0.33462
v 0 100 0.1
v -0.0412879 0 0.328392
v 0 100 0.1
v 0.0587068 0 0.332922
v 0 100 0.1
v 0.0587757 0 0.337416
v 0 100 0.1
v -0.0412788 0 0.33462
v 0 100 0.1
v 0.0587757 0 0.337416
v 0 100 0.1
v -0.041166 0 0.340827
v 0 100 0.1
v -0.0412788 0 0.33462
v 0 100 0.1
v 0.0587757 0 0.337416
v 0 100 0.1
v 0.0589188 0 0.341835
v 0 100 0.1
v -0.041166 0 0.340827
v 0 100 0.1
v 0.0589188 0 0.341835
v 0 100 0.1
v -0.0409471 0 0.347013
v 0 100 0.1
v -0.041166 0 0.340827
v 0 100 0.1
v 0.0589188 0 0.341835
v 0 100 0.1
v 0.0591355 0 0.346176
v 0 100 0.1
v -0.0409471 0 0.347013
v 0 100 0.1
v 0.0591355 0 0.346176
v 0 100 0.1
v -0.0406193 0 0.353175
v 0 100 0.1
v -0.0409471 0 0.347013
v 0 100 0.1
v 0.0591355 0 0.346176
v 0 100 0.1
v 0.0594254 0 0.350434
v 0 100 0.1
v -0.0406193 0 0.353175
v 0 100 0.1
v 0.0594254 0 0.350434
v 0 100 0.1
v -0.0401797 0 0.359313
v 0 100 0.1
v -0.0406193 0 0.353175
v 0 100 0.1
v 0.0594254 0 0.350434
v 0 100 0.1
v 0.0597878 0 0.354606
v 0 100 0.1
v -0.0401797 0 0.359313
v 0 100 0.1
v 0.0597878 0 0.354606
v 0 100 0.1
v -0.0396254 0 0.365424
v 0 100 0.1
v -0.0401797 0 0.359313
v 0 100 0.1
v 0.0597878 0 0.354606
v 0 100 0.1
v 0.0602218 0 0.358689
v 0 100 0.1
v -0.0396254 0 0.365424
v 0 100 0.1
v 0.0602218 0 0.358689
v 0 100 0.1
v -0.0389532 0 0.371507
v 0 100 0.1
v -0.0396254 0 0.365424
v 0 100 0.1
v 0.0602218 0 0.358689
v 0 100 0.1
v 0.0607265 0 0.362678
v 0 100 0.1
v -0.0389532 0 0.371507
v 0 100 0.1
v 0.0607265 0 0.362678
v 0 100 0.1
v -0.0381597 0 0.377561
v 0 100 0.1
v -0.0389532 0 0.371507
v 0 100 0.1
v 0.0607265 0 0.362678
v 0 100 0.1
v 0.0613006 0 0.366571
v 0 100 0.1
v -0.0381597 0 0.377561
v 0 100 0.1
v 0.0613006 0 0.366571
v 0 100 0.1
v -0.0372415 0 0.383584
v 0 100 0.1
v -0.0381597 0 0.377561
v 0 100 0.1
v 0.0613006 0 0.366571
v 0 100 0.1
v 0.0619427 0 0.370363
v 0 100 0.1
v -0.0372415 0 0.383584
v 0 100 0.1
v 0.0619427 0 0.370363
v 0 100 0.1
v -0.0361947 0 0.389574
v 0 100 0.1
v -0.0372415 0 0.383584
v 0 100 0.1
v 0.0619427 0 0.370363
v 0 100 0.1
v 0.0626512 0 0.374052
v 0 100 0.1
v -0.0361947 0 0.389574
v 0 100 0.1
v 0.0626512 0 0.374052
v 0 100 0.1
v -0.0350154 0 0.395528
v 0 100 0.1
v -0.0361947 0 0.389574
v 0 100 0.1
v 0.0626512 0 0.374052
v 0 100 0.1
v 0.0634243 0 0.377635
v 0 100 0.1
v -0.0350154 0 0.395528
v 0 100 0.1
v 0.0634243 0 0.377635
v 0 100 0.1
v -0.0336996 0 0.401446
v 0 100 0.1
v -0.0350154 0 0.395528
v 0 100 0.1
v 0.0634243 0 0.377635
v 0 100 0.1
v 0.06426 0 0.381108
v 0 100 0.1
v -0.0336996 0 0.401446
v 0 100 0.1
v 0.06426 0 0.381108
v 0 100 0.1
v -0.0322427 0 0.407324
v 0 100 0.1
v -0.0336996 0 0.401446
v 0 100 0.1
v 0.06426 0 0.381108
v 0 100 0.1
v 0.065156 0 0.38447
v 0 100 0.1
v -0.0322427 0 0.407324
v 0 100 0.1
v 0.065156 0 0.38447
v 0 100 0.1
v -0.0306404 0 0.413159
v 0 100 0.1
v -0.0322427 0 0.407324
v 0 100 0.1
v 0.065156 0 0.38447
v 0 100 0.1
v 0.0665093 0 0.388989
v 0 100 0.1
v -0.0306404 0 0.413159
v 0 100 0.1
v 0.0665093 0 0.388989
v 0 100 0.1
v -0.0292871 0 0.417678
v 0 100 0.1
v -0.0306404 0 0.413159
v 0 100 0.1
v 0.0665093 0 0.388989
v 0 100 0.1
v 0.0661122 0 0.387724
v 0 100 0.1
v -0.0292871 0 0.417678
v 0 100 0.1
v 0.0661122 0 0.387724
v 0 100 0.1
v -0.02889 0 0.418943
v 0 100 0.1
v -0.0292871 0 0.417678
v 0 100 0.1
v 0.0661122 0 0.387724
v 0 100 0.1
v 0.0671354 0 0.390895
v 0 100 0.1
v -0.02889 0 0.418943
v 0 100 0.1
v 0.0671354 0 0.390895
v 0 100 0.1
v -0.0269971 0 0.424645
v 0 100 0.1
v -0.02889 0 0.418943
v 0 100 0.1
v 0.0671354 0 0.390895
v 0 100 0.1
v 0.0682264 0 0.393992
v 0 100 0.1
v -0.0269971 0 0.424645
v 0 100 0.1
v 0.0682264 0 0.393992
v 0 100 0.1
v -0.0249657 0 0.430258
v 0 100 0.1
v -0.0269971 0 0.424645
v 0 100 0.1
v 0.0682264 0 0.393992
v 0 100 0.1
v 0.0693835 0 0.397015
v 0 100 0.1
v -0.0249657 0 0.430258
v 0 100 0.1
v 0.0693835 0 0.397015
v 0 100 0.1
v -0.0227978 0 0.435778
v 0 100 0.1
v -0.0249657 0 0.430258
v 0 100 0.1
v 0.0693835 0 0.397015
v 0 100 0.1
v 0.0706053 0 0.399967
v 0 100 0.1
v -0.0227978 0 0.435778
v 0 100 0.1
v 0.0706053 0 0.399967
v 0 100 0.1
v -0.0204963 0 0.441205
v 0 100 0.1
v -0.0227978 0 0.435778
v 0 100 0.1
v 0.0706053 0 0.399967
v 0 100 0.1
v 0.0718902 0 0.402851
v 0 100 0.1
v -0.0204963 0 0.441205
v 0 100 0.1
v 0.0718902 0 0.402851
v 0 100 0.1
v -0.0180636 0 0.446535
v 0 100 0.1
v -0.0204963 0 0.441205
v 0 100 0.1
v 0.0718902 0 0.402851
v 0 100 0.1
v 0.0732374 0 0.405666
v 0 100 0.1
v -0.0180636 0 0.446535
v 0 100 0.1
v 0.0732374 0 0.405666
v 0 100 0.1
v -0.0155029 0 0.451766
v 0 100 0.1
v -0.0180636 0 0.446535
v 0 100 0.1
v 0.0732374 0 0.405666
v 0 100 0.1
v 0.0746454 0 0.408416
v 0 100 0.1
v -0.0155029 0 0.451766
v 0 100 0.1
v 0.0746454 0 0.408416
v 0 100 0.1
v -0.0128168 0 0.456897
v 0 100 0.1
v -0.0155029 0 0.451766
v 0 100 0.1
v 0.0746454 0 0.408416
v 0 100 0.1
v 0.0761133 0 0.411102
v 0 100 0.1
v -0.0128168 0 0.456897
v 0 100 0.1
v 0.0761133 0 0.411102
v 0 100 0.1
v -0.0100084 0 0.461926
v 0 100 0.1
v -0.0128168 0 0.456897
v 0 100 0.1
v 0.0761133 0 0.411102
v 0 100 0.1
v 0.0776404 0 0.413725
v 0 100 0.1
v -0.0100084 0 0.461926
v 0 100 0.1
v 0.0776404 0 0.413725
v 0 100 0.1
v -0.00708105 0 0.466851
v 0 100 0.1
v -0.0100084 0 0.461926
v 0 100 0.1
v 0.0776404 0 0.413725
v 0 100 0.1
v 0.0792256 0 0.416287
v 0 100 0.1
v -0.00708105 0 0.466851
v 0 100 0.1
v 0.0792256 0 0.416287
v 0 100 0.1
v -0.00403779 0 0.47167
v 0 100 0.1
v -0.00708105 0 0.466851
v 0 100 0.1
v 0.0792256 0 0.416287
v 0 100 0.1
v 0.0808683 0 0.41879
v 0 100 0.1
v -0.00403779 0 0.47167
v 0 100 0.1
v 0.0808683 0 0.41879
v 0 100 0.1
v -0.00088203 0 0.476382
v 0 100 0.1
v -0.00403779 0 0.47167
v 0 100 0.1
v 0.0808683 0 0.41879
v 0 100 0.1
v 0.0825677 0 0.421233
v 0 100 0.1
v -0.00088203 0 0.476382
v 0 100 0.1
v 0.0825677 0 0.421233
v 0 100 0.1
v 0.00238304 0 0.480986
v 0 100 0.1
v -0.00088203 0 0.476382
v 0 100 0.1
v 0.0825677 0 0.421233
v 0 100 0.1
v 0.0843233 0 0.423618
v 0 100 0.1
v 0.00238304 0 0.480986
v 0 100 0.1
v 0.0843233 0 0.423618
v 0 100 0.1
v 0.00575377 0 0.485479
v 0 100 0.1
v 0.00238304 0 0.480986
v 0 100 0.1
v 0.0843233 0 0.423618
v 0 100 0.1
v 0.0861344 0 0.425947
v 0 100 0.1
v 0.00575377 0 0.485479
v 0 100 0.1
v 0.0861344 0 0.425947
v 0 100 0.1
v 0.009227 0 0.489863
v 0 100 0.1
v 0.00575377 0 0.485479
v 0 100 0.1
v 0.0861344 0 0.425947
v 0 100 0.1
v 0.0880003 0 0.428219
v 0 100 0.1
v 0.009227 0 0.489863
v 0 100 0.1
v 0.0880003 0 0.428219
v 0 100 0.1
v 0.0127991 0 0.494134
v 0 100 0.1
v 0.009227 0 0.489863
v 0 100 0.1
v 0.0880003 0 0.428219
v 0 100 0.1
v 0.0899205 0 0.430435
v 0 100 0.1
v 0.0127991 0 0.494134
v 0 100 0.1
v 0.0899205 0 0.430435
v 0 100 0.1
v 0.0164668 0 0.498292
v 0 100 0.1
v 0.0127991 0 0.494134
v 0 100 0.1
v 0.0899205 0 0.430435
v 0 100 0.1
v 0.0918946 0 0.432597
v 0 100 0.1
v 0.0164668 0 0.498292
v 0 100 0.1
v 0.0918946 0 0.432597
v 0 100 0.1
v 0.0202262 0 0.502337
v 0 100 0.1
v 0.0164668 0 0.498292
v 0 100 0.1
v 0.0918946 0 0.432597
v 0 100 0.1
v 0.0939216 0 0.434704
v 0 100 0.1
v 0.0202262 0 0.502337
v 0 100 0.1
v 0.0939216 0 0.434704
v 0 100 0.1
v 0.0240744 0 0.506268
v 0 100 0.1
v 0.0202262 0 0.502337
v 0 100 0.1
v 0.0939216 0 0.434704
v 0 100 0.1
v 0.0960012 0 0.436757
v 0 100 0.1
v 0.0240744 0 0.506268
v 0 100 0.1
v 0.0960012 0 0.436757
v 0 100 0.1
v 0.0280077 0 0.510084
v 0 100 0.1
v 0.0240744 0 0.506268
v 0 100 0.1
v 0.0960012 0 0.436757
v 0 100 0.1
v 0.0981325 0 0.438755
v 0 100 0.1
v 0.0280077 0 0.510084
v 0 100 0.1
v 0.0981325 0 0.438755
v 0 100 0.1
v 0.0320229 0 0.513785
v 0 100 0.1
v 0.0280077 0 0.510084
v 0 100 0.1
v 0.0981325 0 0.438755
v 0 100 0.1
v 0.100315 0 0.440699
v 0 100 0.1
v 0.0320229 0 0.513785
v 0 100 0.1
v 0.100315 0 0.440699
v 0 100 0.1
v 0.0361166 0 0.517371
v 0 100 0.1
v 0.0320229 0 0.513785
v 0 100 0.1
v 0.100315 0 0.440699
v 0 100 0.1
v 0.102547 0 0.442588
v 0 100 0.1
v 0.0361166 0 0.517371
v 0 100 0.1
v 0.102547 0 0.442588
v 0 100 0.1
v 0.0402854 0 0.520841
v 0 100 0.1
v 0.0361166 0 0.517371
v 0 100 0.1
v 0.102547 0 0.442588
v 0 100 0.1
v 0.104829 0 0.444424
v 0 100 0.1
v 0.0402854 0 0.520841
v 0 100 0.1
v 0.104829 0 0.444424
v 0 100 0.1
v 0.0445262 0 0.524196
v 0 100 0.1
v 0.0402854 0 0.520841
v 0 100 0.1
v 0.104829 0 0.444424
v 0 100 0.1
v 0.10716 0 0.446204
v 0 100 0.1
v 0.0445262 0 0.524196
v 0 100 0.1
v 0.10716 0 0.446204
v 0 100 0.1
v 0.0488358 0 0.527434
v 0 100 0.1
v 0.0445262 0 0.524196
v 0 100 0.1
v 0.10716 0 0.446204
v 0 100 0.1
v 0.109538 0 0.44793
v 0 100 0.1
v 0.0488358 0 0.527434
v 0 100 0.1
v 0.109538 0 0.44793
v 0 100 0.1
v 0.0532114 0 0.530558
v 0 100 0.1
v 0.0488358 0 0.527434
v 0 100 0.1
v 0.109538 0 0.44793
v 0 100 0.1
v 0.111962 0 0.449601
v 0 100 0.1
v 0.0532114 0 0.530558
v 0 100 0.1
v 0.111962 0 0.449601
v 0 100 0.1
v 0.0576495 0 0.533566
v 0 100 0.1
v 0.0532114 0 0.530558
v 0 100 0.1
v 0.111962 0 0.449601
v 0 100 0.1
v 0.114432 0 0.451215
v 0 100 0.1
v 0.0576495 0 0.533566
v 0 100 0.1
v 0.114432 0 0.451215
v 0 100 0.1
v 0.0621476 0 0.536458
v 0 100 0.1
v 0.0576495 0 0.533566
v 0 100 0.1
v 0.114432 0 0.451215
v 0 100 0.1
v 0.116946 0 0.452774
v 0 100 0.1
v 0.0621476 0 0.536458
v 0 100 0.1
v 0.116946 0 0.452774
v 0 100 0.1
v 0.0667026 0 0.539235
v 0 100 0.1
v 0.0621476 0 0.536458
v 0 100 0.1
v 0.116946 0 0.452774
v 0 100 0.1
v 0.119503 0 0.454276
v 0 100 0.1
v 0.0667026 0 0.539235
v 0 100 0.1
v 0.119503 0 0.454276
v 0 100 0.1
v 0.0713117 0 0.541898
v 0 100 0.1
v 0.0667026 0 0.539235
v 0 100 0.1
v 0.119503 0 0.454276
v 0 100 0.1
v 0.122102 0 0.455721
v 0 100 0.1
v 0.0713117 0 0.541898
v 0 100 0.1
v 0.122102 0 0.455721
v 0 100 0.1
v 0.0759724 0 0.544446
v 0 100 0.1
v 0.0713117 0 0.541898
v 0 100 0.1
v 0.122102 0 0.455721
v 0 100 0.1
v 0.124742 0 0.457108
v 0 100 0.1
v 0.0759724 0 0.544446
v 0 100 0.1
v 0.124742 0 0.457108
v 0 100 0.1
v 0.080681 0 0.546878
v 0 100 0.1
v 0.0759724 0 0.544446
v 0 100 0.1
v 0.124742 0 0.457108
v 0 100 0.1
v 0.127419 0 0.458437
v 0 100 0.1
v 0.080681 0 0.546878
v 0 100 0.1
v 0.127419 0 0.458437
v 0 100 0.1
v 0.0854369 0 0.549198
v 0 100 0.1
v 0.080681 0 0.546878
v 0 100 0.1
v 0.127419 0 0.458437
v 0 100 0.1
v 0.130135 0 0.459708
v 0 100 0.1
v 0.0854369 0 0.549198
v 0 100 0.1
v 0.130135 0 0.459708
v 0 100 0.1
v 0.0902357 0 0.551403
v 0 100 0.1
v 0.0854369 0 0.549198
v 0 100 0.1
v 0.130135 0 0.459708
v 0 100 0.1
v 0.132885 0 0.460919
v 0 100 0.1
v 0.0902357 0 0.551403
v 0 100 0.1
v 0.132885 0 0.460919
v 0 100 0.1
v 0.0950763 0 0.553496
v 0 100 0.1
v 0.0902357 0 0.551403
v 0 100 0.1
v 0.132885 0 0.460919
v 0 100 0.1
v 0.13567 0 0.46207
v 0 100 0.1
v 0.0950763 0 0.553496
v 0 100 0.1
v 0.13567 0 0.46207
v 0 100 0.1
v 0.099955 0 0.555474
v 0 100 0.1
v 0.0950763 0 0.553496
v 0 100 0.1
v 0.13567 0 0.46207
v 0 100 0.1
v 0.138487 0 0.46316
v 0 100 0.1
v 0.099955 0 0.555474
v 0 100 0.1
v 0.138487 0 0.46316
v 0 100 0.1
v 0.104871 0 0.557341
v 0 100 0.1
v 0.099955 0 0.555474
v 0 100 0.1
v 0.138487 0 0.46316
v 0 100 0.1
v 0.141336 0 0.46419
v 0 100 0.1
v 0.104871 0 0.557341
v 0 100 0.1
v 0.141336 0 0.46419
v 0 100 0.1
v 0.10982 0 0.559094
v 0 100 0.1
v 0.104871 0 0.557341
v 0 100 0.1
v 0.141336 0 0.46419
v 0 100 0.1
v 0.144212 0 0.465158
v 0 100 0.1
v 0.10982 0 0.559094
v 0 100 0.1
v 0.144212 0 0.465158
v 0 100 0.1
v 0.114801 0 0.560735
v 0 100 0.1
v 0.10982 0 0.559094
v 0 100 0.1
v 0.144212 0 0.465158
v 0 100 0.1
v 0.147116 0 0.466064
v 0 100 0.1
v 0.114801 0 0.560735
v 0 100 0.1
v 0.147116 0 0.466064
v 0 100 0.1
v 0.119812 0 0.562265
v 0 100 0.1
v 0.114801 0 0.560735
v 0 100 0.1
v 0.147116 0 0.466064
v 0 100 0.1
v 0.150044 0 0.466908
v 0 100 0.1
v 0.119812 0 0.562265
v 0 100 0.1
v 0.150044 0 0.466908
v 0 100 0.1
v 0.124851 0 0.563682
v 0 100 0.1
v 0.119812 0 0.562265
v 0 100 0.1
v 0.150044 0 0.466908
v 0 100 0.1
v 0.152996 0 0.467689
v 0 100 0.1
v 0.124851 0 0.563682
v 0 100 0.1
v 0.152996 0 0.467689
v 0 100 0.1
v 0.129915 0 0.564988
v 0 100 0.1
v 0.124851 0 0.563682
v 0 100 0.1
v 0.152996 0 0.467689
v 0 100 0.1
v 0.155968 0 0.468406
v 0 100 0.1
v 0.129915 0 0.564988
v 0 100 0.1
v 0.155968 0 0.468406
v 0 100 0.1
v 0.135003 0 0.566183
v 0 100 0.1
v 0.129915 0 0.564988
v 0 100 0.1
v 0.155968 0 0.468406
v 0 100 0.1
v 0.15896 0 0.469059
v 0 100 0.1
v 0.135003 0 0.566183
v 0 100 0.1
v 0.15896 0 0.469059
v 0 100 0.1
v 0.140111 0 0.567267
v 0 100 0.1
v 0.135003 0 0.566183
v 0 100 0.1
v 0.15896 0 0.469059
v 0 100 0.1
v 0.161969 0 0.469648
v 0 100 0.1
v 0.140111 0 0.567267
v 0 100 0.1
v 0.161969 0 0.469648
v 0 100 0.1
v 0.14524 0 0.568239
v 0 100 0.1
v 0.140111 0 0.567267
v 0 100 0.1
v 0.161969 0 0.469648
v 0 100 0.1
v 0.164993 0 0.470173
v 0 100 0.1
v 0.14524 0 0.568239
v 0 100 0.1
v 0.164993 0 0.470173
v 0 100 0.1
v 0.150385 0 0.5691
v 0 100 0.1
v 0.14524 0 0.568239
v 0 100 0.1
v 0.164993 0 0.470173
v 0 100 0.1
v 0.16803 0 0.470633
v 0 100 0.1
v 0.150385 0 0.5691
v 0 100 0.1
v 0.16803 0 0.470633
v 0 100 0.1
v 0.155546 0 0.569851
v 0 100 0.1
v 0.150385 0 0.5691
v 0 100 0.1
v 0.16803 0 0.470633
v 0 100 0.1
v 0.171077 0 0.471028
v 0 100 0.1
v 0.155546 0 0.569851
v 0 100 0.1
v 0.171077 0 0.471028
v 0 100 0.1
v 0.160719 0 0.57049
v 0 100 0.1
v 0.155546 0 0.569851
v 0 100 0.1
v 0.171077 0 0.471028
v 0 100 0.1
v 0.174133 0 0.471358
v 0 100 0.1
v 0.160719 0 0.57049
v 0 100 0.1
v 0.174133 0 0.471358
v 0 100 0.1
v 0.165906 0 0.571019
v 0 100 0.1
v 0.160719 0 0.57049
v 0 100 0.1
v 0.174133 0 0.471358
v 0 100 0.1
v 0.177196 0 0.471622
v 0 100 0.1
v 0.165906 0 0.571019
v 0 100 0.1
v 0.177196 0 0.471622
v 0 100 0.1
v 0.1711 0 0.571436
v 0 100 0.1
v 0.165906 0 0.571019
v 0 100 0.1
v 0.177196 0 0.471622
v 0 100 0.1
v 0.180263 0 0.471821
v 0 100 0.1
v 0.1711 0 0.571436
v 0 100 0.1
v 0.180263 0 0.471821
v 0 100 0.1
v 0.176304 0 0.571743
v 0 100 0.1
v 0.1711 0 0.571436
v 0 100 0.1
v 0.180263 0 0.471821
v 0 100 0.1
v 0.183333 0 0.471954
v 0 100 0.1
v 0.176304 0 0.571743
v 0 100 0.1
v 0.183333 0 0.471954
v 0 100 0.1
v 0.181511 0 0.571938
v 0 100 0.1
v 0.176304 0 0.571743
v 0 100 0.1
v 0.183333 0 0.471954
v 0 100 0.1
v 0.186402 0 0.472022
v 0 100 0.1
v 0.181511 0 0.571938
v 0 100 0.1
v 0.186402 0 0.472022
v 0 100 0.1
v 0.186725 0 0.572021
v 0 100 0.1
v 0.181511 0 0.571938
v 0 100 0.1
v 0.186402 0 0.472022
v 0 100 0.1
v 0.189471 0 0.472023
v 0 100 0.1
v 0.186725 0 0.572021
v 0 100 0.1
v 0.189471 0 0.472023
v 0 100 0.1
v 0.191938 0 0.571993
v 0 100 0.1
v 0.186725 0 0.572021
v 0 100 0.1
v 0.189471 0 0.472023
v 0 100 0.1
v 0.192534 0 0.471959
v 0 100 0.1
v 0.191938 0 0.571993
v 0 100 0.1
v 0.192534 0 0.471959
v 0 100 0.1
v 0.197152 0 0.571853
v 0 100 0.1
v 0.191938 0 0.571993
v 0 100 0.1
v 0.192534 0 0.471959
v 0 100 0.1
v 0.195592 0 0.47183
v 0 100 0.1
v 0.197152 0 0.571853
v 0 100 0.1
v 0.195592 0 0.47183
v 0 100 0.1
v 0.202364 0 0.5716
v 0 100 0.1
v 0.197152 0 0.571853
v 0 100 0.1
v 0.195592 0 0.47183
v 0 100 0.1
v 0.198641 0 0.471634
v 0 100 0.1
v 0.202364 0 0.5716
v 0 100 0.1
v 0.198641 0 0.471634
v 0 100 0.1
v 0.207572 0 0.571235
v 0 100 0.1
v 0.202364 0 0.5716
v 0 100 0.1
v 0.198641 0 0.471634
v 0 100 0.1
v 0.20168 0 0.471374
v 0 100 0.1
v 0.207572 0 0.571235
v 0 100 0.1
v 0.20168 0 0.471374
v 0 100 0.1
v 0.212774 0 0.570756
v 0 100 0.1
v 0.207572 0 0.571235
v 0 100 0.1
v 0.20168 0 0.471374
v 0 100 0.1
v 0.204706 0 0.471048
v 0 100 0.1
v 0.212774 0 0.570756
v 0 100 0.1
v 0.204706 0 0.471048
v 0 100 0.1
v 0.217969 0 0.570164
v 0 100 0.1
v 0.212774 0 0.570756
v 0 100 0.1
v 0.204706 0 0.471048
v 0 100 0.1
v 0.20772 0 0.470657
v 0 100 0.1
v 0.217969 0 0.570164
v 0 100 0.1
v 0.20772 0 0.470657
v 0 100 0.1
v 0.223152 0 0.569459
v 0 100 0.1
v 0.217969 0 0.570164
v 0 100 0.1
v 0.20772 0 0.470657
v 0 100 0.1
v 0.210715 0 0.470201
v 0 100 0.1
v 0.223152 0 0.569459
v 0 100 0.1
v 0.210715 0 0.470201
v 0 100 0.1
v 0.228324 0 0.568639
v 0 100 0.1
v 0.223152 0 0.569459
v 0 100 0.1
v 0.210715 0 0.470201
v 0 100 0.1
v 0.213692 0 0.469681
v 0 100 0.1
v 0.228324 0 0.568639
v 0 100 0.1
v 0.213692 0 0.469681
v 0 100 0.1
v 0.233482 0 0.567703
v 0 100 0.1
v 0.228324 0 0.568639
v 0 100 0.1
v 0.213692 0 0.469681
v 0 100 0.1
v 0.216651 0 0.469096
v 0 100 0.1
v 0.233482 0 0.567703
v 0 100 0.1
v 0.216651 0 0.469096
v 0 100 0.1
v 0.238622 0 0.566653
v 0 100 0.1
v 0.233482 0 0.567703
v 0 100 0.1
v 0.216651 0 0.469096
v 0 100 0.1
v 0.219586 0 0.468448
v 0 100 0.1
v 0.238622 0 0.566653
v 0 100 0.1
v 0.219586 0 0.468448
v 0 100 0.1
v 0.243746 0 0.565486
v 0 100 0.1
v 0.238622 0 0.566653
v 0 100 0.1
v 0.219586 0 0.468448
v 0 100 0.1
v 0.222498 0 0.467737
v 0 100 0.1
v 0.243746 0 0.565486
v 0 100 0.1
v 0.222498 0 0.467737
v 0 100 0.1
v 0.248847 0 0.564203
v 0 100 0.1
v 0.243746 0 0.565486
v 0 100 0.1
v 0.222498 0 0.467737
v 0 100 0.1
v 0.225384 0 0.466962
v 0 100 0.1
v 0.248847 0 0.564203
v 0 100 0.1
v 0.225384 0 0.466962
v 0 100 0.1
v 0.253926 0 0.562802
v 0 100 0.1
v 0.248847 0 0.564203
v 0 100 0.1
v 0.225384 0 0.466962
v 0 100 0.1
v 0.228244 0 0.466124
v 0 100 0.1
v 0.253926 0 0.562802
v 0 100 0.1
v 0.228244 0 0.466124
v 0 100 0.1
v 0.258979 0 0.561284
v 0 100 0.1
v 0.253926 0 0.562802
v 0 100 0.1
v 0.228244 0 0.466124
v 0 100 0.1
v 0.231073 0 0.465224
v 0 100 0.1
v 0.258979 0 0.561284
v 0 100 0.1
v 0.231073 0 0.465224
v 0 100 0.1
v 0.264004 0 0.559646
v 0 100 0.1
v 0.258979 0 0.561284
v 0 100 0.1
v 0.231073 0 0.465224
v 0 100 0.1
v 0.233874 0 0.464262
v 0 100 0.1
v 0.264004 0 0.559646
v 0 100 0.1
v 0.233874 0 0.464262
v 0 100 0.1
v 0.268998 0 0.55789
v 0 100 0.1
v 0.264004 0 0.559646
v 0 100 0.1
v 0.233874 0 0.464262
v 0 100 0.1
v 0.236641 0 0.463238
v 0 100 0.1
v 0.268998 0 0.55789
v 0 100 0.1
v 0.236641 0 0.463238
v 0 100 0.1
v 0.273961 0 0.556014
v 0 100 0.1
v 0.268998 0 0.55789
v 0 100 0.1
v 0.236641 0 0.463238
v 0 100 0.1
v 0.239376 0 0.462153
v 0 100 0.1
v 0.273961 0 0.556014
v 0 100 0.1
v 0.239376 0 0.462153
v 0 100 0.1
v 0.278886 0 0.554017
v 0 100 0.1
v 0.273961 0 0.556014
v 0 100 0.1
v 0.239376 0 0.462153
v 0 100 0.1
v 0.242076 0 0.461008
v 0 100 0.1
v 0.278886 0 0.554017
v 0 100 0.1
v 0.242076 0 0.461008
v 0 100 0.1
v 0.283773 0 0.5519
v 0 100 0.1
v 0.278886 0 0.554017
v 0 100 0.1
v 0.242076 0 0.461008
v 0 100 0.1
v 0.24474 0 0.459802
v 0 100 0.1
v 0.283773 0 0.5519
v 0 100 0.1
v 0.24474 0 0.459802
v 0 100 0.1
v 0.288621 0 0.54966
v 0 100 0.1
v 0.283773 0 0.5519
v 0 100 0.1
v 0.24474 0 0.459802
v 0 100 0.1
v 0.247367 0 0.458535
v 0 100 0.1
v 0.288621 0 0.54966
v 0 100 0.1
v 0.247367 0 0.458535
v 0 100 0.1
v 0.293422 0 0.547298
v 0 100 0.1
v 0.288621 0 0.54966
v 0 100 0.1
v 0.247367 0 0.458535
v 0 100 0.1
v 0.249956 0 0.457209
v 0 100 0.1
v 0.293422 0 0.547298
v 0 100 0.1
v 0.249956 0 0.457209
v 0 100 0.1
v 0.298178 0 0.544814
v 0 100 0.1
v 0.293422 0 0.547298
v 0 100 0.1
v 0.249956 0 0.457209
v 0 100 0.1
v 0.252506 0 0.455823
v 0 100 0.1
v 0.298178 0 0.544814
v 0 100 0.1
v 0.252506 0 0.455823
v 0 100 0.1
v 0.302884 0 0.542206
v 0 100 0.1
v 0.298178 0 0.544814
v 0 100 0.1
v 0.252506 0 0.455823
v 0 100 0.1
v 0.255016 0 0.454377
v 0 100 0.1
v 0.302884 0 0.542206
v 0 100 0.1
v 0.255016 0 0.454377
v 0 100 0.1
v 0.307536 0 0.539475
v 0 100 0.1
v 0.302884 0 0.542206
v 0 100 0.1
v 0.255016 0 0.454377
v 0 100 0.1
v 0.257484 0 0.452873
v 0 100 0.1
v 0.307536 0 0.539475
v 0 100 0.1
v 0.257484 0 0.452873
v 0 100 0.1
v 0.312132 0 0.53662
v 0 100 0.1
v 0.307536 0 0.539475
v 0 100 0.1
v 0.257484 0 0.452873
v 0 100 0.1
v 0.25991 0 0.451309
v 0 100 0.1
v 0.312132 0 0.53662
v 0 100 0.1
v 0.25991 0 0.451309
v 0 100 0.1
v 0.316669 0 0.53364
v 0 100 0.1
v 0.312132 0 0.53662
v 0 100 0.1
v 0.25991 0 0.451309
v 0 100 0.1
v 0.262295 0 0.449685
v 0 100 0.1
v 0.316669 0 0.53364
v 0 100 0.1
v 0.262295 0 0.449685
v 0 100 0.1
v 0.321142 0 0.530536
v 0 100 0.1
v 0.316669 0 0.53364
v 0 100 0.1
v 0.262295 0 0.449685
v 0 100 0.1
v 0.264635 0 0.448002
v 0 100 0.1
v 0.321142 0 0.530536
v 0 100 0.1
v 0.264635 0 0.448002
v 0 100 0.1
v 0.32555 0 0.527307
v 0 100 0.1
v 0.321142 0 0.530536
v 0 100 0.1
v 0.264635 0 0.448002
v 0 100 0.1
v 0.266932 0 0.446259
v 0 100 0.1
v 0.32555 0 0.527307
v 0 100 0.1
v 0.266932 0 0.446259
v 0 100 0.1
v 0.329888 0 0.523954
v 0 100 0.1
v 0.32555 0 0.527307
v 0 100 0.1
v 0.266932 0 0.446259
v 0 100 0.1
v 0.269185 0 0.444455
v 0 100 0.1
v 0.329888 0 0.523954
v 0 100 0.1
v 0.269185 0 0.444455
v 0 100 0.1
v 0.334153 0 0.520477
v 0 100 0.1
v 0.329888 0 0.523954
v 0 100 0.1
v 0.269185 0 0.444455
v 0 100 0.1
v 0.271393 0 0.442592
v 0 100 0.1
v 0.334153 0 0.520477
v 0 100 0.1
v 0.271393 0 0.442592
v 0 100 0.1
v 0.338341 0 0.516875
v 0 100 0.1
v 0.334153 0 0.520477
v 0 100 0.1
v 0.271393 0 0.442592
v 0 100 0.1
v 0.273555 0 0.440666
v 0 100 0.1
v 0.338341 0 0.516875
v 0 100 0.1
v 0.273555 0 0.440666
v 0 100 0.1
v 0.342448 0 0.513149
v 0 100 0.1
v 0.338341 0 0.516875
v 0 100 0.1
v 0.273555 0 0.440666
v 0 100 0.1
v 0.275671 0 0.438679
v 0 100 0.1
v 0.342448 0 0.513149
v 0 100 0.1
v 0.275671 0 0.438679
v 0 100 0.1
v 0.346472 0 0.5093
v 0 100 0.1
v 0.342448 0 0.513149
v 0 100 0.1
v 0.275671 0 0.438679
v 0 100 0.1
v 0.277742 0 0.436629
v 0 100 0.1
v 0.346472 0 0.5093
v 0 100 0.1
v 0.277742 0 0.436629
v 0 100 0.1
v 0.350409 0 0.505328
v 0 100 0.1
v 0.346472 0 0.5093
v 0 100 0.1
v 0.277742 0 0.436629
v 0 100 0.1
v 0.279765 0 0.434515
v 0 100 0.1
v 0.350409 0 0.505328
v 0 100 0.1
v 0.279765 0 0.434515
v 0 100 0.1
v 0.354254 0 0.501234
v 0 100 0.1
v 0.350409 0 0.505328
v 0 100 0.1
v 0.279765 0 0.434515
v 0 100 0.1
v 0.281741 0 0.432336
v 0 100 0.1
v 0.354254 0 0.501234
v 0 100 0.1
v 0.281741 0 0.432336
v 0 100 0.1
v 0.358005 0 0.497019
v 0 100 0.1
v 0.354254 0 0.501234
v 0 100 0.1
v 0.281741 0 0.432336
v 0 100 0.1
v 0.283669 0 0.430091
v 0 100 0.1
v 0.358005 0 0.497019
v 0 100 0.1
v 0.283669 0 0.430091
v 0 100 0.1
v 0.361658 0 0.492684
v 0 100 0.1
v 0.358005 0 0.497019
v 0 100 0.1
v 0.283669 0 0.430091
v 0 100 0.1
v 0.28555 0 0.427778
v 0 100 0.1
v 0.361658 0 0.492684
v 0 100 0.1
v 0.28555 0 0.427778
v 0 100 0.1
v 0.365209 0 0.48823
v 0 100 0.1
v 0.361658 0 0.492684
v 0 100 0.1
v 0.28555 0 0.427778
v 0 100 0.1
v 0.287381 0 0.425396
v 0 100 0.1
v 0.365209 0 0.48823
v 0 100 0.1
v 0.287381 0 0.425396
v 0 100 0.1
v 0.368655 0 0.483658
v 0 100 0.1
v 0.365209 0 0.48823
v 0 100 0.1
v 0.287381 0 0.425396
v 0 100 0.1
v 0.289162 0 0.422943
v 0 100 0.1
v 0.368655 0 0.483658
v 0 100 0.1
v 0.289162 0 0.422943
v 0 100 0.1
v 0.371992 0 0.478971
v 0 100 0.1
v 0.368655 0 0.483658
v 0 100 0.1
v 0.289162 0 0.422943
v 0 100 0.1
v 0.290893 0 0.420417
v 0 100 0.1
v 0.371992 0 0.478971
v 0 100 0.1
v 0.290893 0 0.420417
v 0 100 0.1
v 0.375219 0 0.474168
v 0 100 0.1
v 0.371992 0 0.478971
v 0 100 0.1
v 0.290893 0 0.420417
v 0 100 0.1
v 0.292572 0 0.417817
v 0 100 0.1
v 0.375219 0 0.474168
v 0 100 0.1
v 0.292572 0 0.417817
v 0 100 0.1
v 0.37833 0 0.469253
v 0 100 0.1
v 0.375219 0 0.474168
v 0 100 0.1
v 0.292572 0 0.417817
v 0 100 0.1
v 0.2942 0 0.41514
v 0 100 0.1
v 0.37833 0 0.469253
v 0 100 0.1
v 0.2942 0 0.41514
v 0 100 0.1
v 0.381323 0 0.464226
v 0 100 0.1
v 0.37833 0 0.469253
v 0 100 0.1
v 0.2942 0 0.41514
v 0 100 0.1
v 0.295773 0 0.412384
v 0 100 0.1
v 0.381323 0 0.464226
v 0 100 0.1
v 0.295773 0 0.412384
v 0 100 0.1
v 0.384196 0 0.45909
v 0 100 0.1
v 0.381323 0 0.464226
v 0 100 0.1
v 0.295773 0 0.412384
v 0 100 0.1
v 0.297292 0 0.409548
v 0 100 0.1
v 0.384196 0 0.45909
v 0 100 0.1
v 0.297292 0 0.409548
v 0 100 0.1
v 0.386945 0 0.453846
v 0 100 0.1
v 0.384196 0 0.45909
v 0 100 0.1
v 0.297292 0 0.409548
v 0 100 0.1
v 0.298755 0 0.406628
v 0 100 0.1
v 0.386945 0 0.453846
v 0 100 0.1
v 0.298755 0 0.406628
v 0 100 0.1
v 0.389568 0 0.448496
v 0 100 0.1
v 0.386945 0 0.453846
v 0 100 0.1
v 0.298755 0 0.406628
v 0 100 0.1
v 0.300704 0 0.402399
v 0 100 0.1
v 0.389568 0 0.448496
v 0 100 0.1
v 0.300704 0 0.402399
v 0 100 0.1
v 0.391518 0 0.444267
v 0 100 0.1
v 0.389568 0 0.448496
v 0 100 0.1
v 0.300704 0 0.402399
v 0 100 0.1
v 0.300162 0 0.403618
v 0 100 0.1
v 0.391518 0 0.444267
v 0 100 0.1
v 0.300162 0 0.403618
v 0 100 0.1
v 0.39206 0 0.443049
v 0 100 0.1
v 0.391518 0 0.444267
v 0 100 0.1
